# Triangle Configuration is k x [1 0 0], [-0.5       -0.8660254 -0.       ]
# k	 Btree	 Btreenw	 BZel	 BZelnw	 Bloop	 Bloopnw\ Bdamped
1.000000000000000021e-02 3.732799862396328449e+08 3.733891121110999584e+08 3.714892616349537969e+08 3.715981292144498825e+08 3.714650089560398459e+08 3.715739354616686702e+08 3.732803673016706109e+08
1.250000000000000069e-02 4.308389864341472387e+08 4.306476610836536288e+08 4.276521618680878282e+08 4.274621297012093663e+08 4.276225068930662870e+08 4.274330954520094395e+08 4.308379433649969697e+08
1.500000000000000118e-02 4.582170253756746054e+08 4.562604082067703605e+08 4.534276131590103507e+08 4.514917830200474262e+08 4.533900351316413879e+08 4.514558999208530188e+08 4.582016686007928252e+08
1.750000000000000167e-02 4.600620976022000313e+08 4.542869810089486241e+08 4.536798930737447739e+08 4.479907143792245984e+08 4.536263448090071082e+08 4.479398409247944951e+08 4.600003633320792317e+08
2.000000000000000389e-02 4.425680371512277722e+08 4.319955908392610550e+08 4.347779005845479369e+08 4.244118237735680938e+08 4.347084413110170960e+08 4.243454527282658219e+08 4.424202487262727022e+08
2.250000000000000264e-02 4.120269646404964924e+08 3.980031003222157359e+08 4.031674208706293702e+08 3.894868462705664635e+08 4.030760232102520466e+08 3.893985378415893912e+08 4.117786914762933254e+08
2.500000000000000139e-02 3.742348991509705782e+08 3.597842642039473653e+08 3.647203365954453349e+08 3.506978561951312423e+08 3.645984819568964243e+08 3.505778752933436632e+08 3.739193625752854347e+08
2.750000000000000361e-02 3.336940523275637627e+08 3.222275124541397691e+08 3.239160556466306448e+08 3.128419812639123797e+08 3.237718170638909936e+08 3.126991897242273688e+08 3.333921223786469102e+08
3.000000000000000583e-02 2.939198585972852111e+08 2.877349905274795294e+08 2.842170660496729612e+08 2.782528579462927580e+08 2.840626862715553045e+08 2.780975762473733425e+08 2.937271749851465821e+08
3.250000000000000805e-02 2.571647794255614281e+08 2.570703742807574868e+08 2.477900447490834594e+08 2.476360954449065924e+08 2.476229365527918935e+08 2.474622108084740639e+08 2.571613544306769371e+08
3.500000000000000333e-02 2.244285668435670137e+08 2.301687404657891989e+08 2.155989620590880513e+08 2.209297201188986301e+08 2.154339400781261623e+08 2.207494502164316475e+08 2.246679054088103771e+08
3.750000000000000555e-02 1.963158358614500761e+08 2.066442434789585471e+08 1.880521387021927834e+08 1.976258685996049047e+08 1.878998959979373515e+08 1.974461742625628710e+08 1.968055967181726396e+08
4.000000000000000777e-02 1.728078260921424627e+08 1.860404403116935492e+08 1.651253076045737267e+08 1.773183591240827143e+08 1.649862737983139157e+08 1.771396507769711912e+08 1.735155861816241741e+08
4.250000000000000999e-02 1.534618522851296067e+08 1.679310364876048863e+08 1.462533794967436492e+08 1.594998965162558854e+08 1.461351681893693507e+08 1.593306309923735261e+08 1.543291166040953994e+08
4.500000000000000527e-02 1.377122516022943258e+08 1.519496672178923190e+08 1.309391185204599947e+08 1.438888090255882442e+08 1.308353415255149901e+08 1.437284050056115091e+08 1.386636405600535274e+08
4.750000000000000749e-02 1.249997816087986231e+08 1.377910243934660554e+08 1.185355641067836583e+08 1.301055403613704741e+08 1.184488153663028181e+08 1.299627486856333762e+08 1.259487402929703295e+08
5.000000000000000971e-02 1.147896326722158492e+08 1.252026686943244934e+08 1.085004554685901254e+08 1.178893172648770809e+08 1.084269766930892766e+08 1.177683760164988786e+08 1.156443049988150597e+08
5.250000000000001193e-02 1.065115413218635023e+08 1.139752935636046976e+08 1.003689950220609456e+08 1.071152201383198202e+08 1.003034604988236278e+08 1.070206162157006115e+08 1.071870585252051651e+08
5.500000000000001416e-02 9.969042572416901588e+07 1.039340795191531777e+08 9.350351685695478320e+07 9.742290882660946250e+07 9.343749480391210318e+07 9.735558364365126193e+07 1.001125660830937922e+08
5.750000000000000944e-02 9.389350486044478416e+07 9.493173040182185173e+07 8.772742904126301408e+07 8.888726730092221498e+07 8.766630990327784419e+07 8.886064691801348329e+07 9.400662702865874767e+07
6.000000000000001166e-02 8.876203918623322248e+07 8.684306965877094865e+07 8.252592290091326833e+07 8.119024916120223701e+07 8.245858649855652452e+07 8.119896955792210996e+07 8.853387033510555327e+07
6.250000000000001388e-02 8.399926879329368472e+07 7.956089101458096504e+07 7.771675642739868164e+07 7.429962055128814280e+07 7.764629361788254976e+07 7.434985007970237732e+07 8.342565708699238300e+07
6.500000000000000222e-02 7.937710709710966051e+07 7.299276211983604729e+07 7.310824790106113255e+07 6.812265202093467116e+07 7.304029928532515466e+07 6.821871192345662415e+07 7.848404053352089226e+07
6.750000000000000444e-02 7.473954120241667330e+07 6.705853668224348128e+07 6.853364934009061754e+07 6.253292199752440304e+07 6.847198217100435495e+07 6.267208115026375651e+07 7.358168317347787321e+07
7.000000000000000666e-02 6.999969179764570296e+07 6.168839134272831678e+07 6.396894027484952658e+07 5.750617600025368482e+07 6.392738974190708995e+07 5.769231311518379301e+07 6.865556812498646975e+07
7.250000000000000888e-02 6.513455976588516682e+07 5.682125371922758222e+07 5.945329150324504077e+07 5.303083456090367585e+07 5.946110428338684887e+07 5.327963154212103784e+07 6.369857487646253407e+07
7.500000000000001110e-02 6.017589691449300945e+07 5.240352567136393487e+07 5.487026364394752681e+07 4.889634010365998000e+07 5.492783450380516797e+07 4.918776016702282429e+07 5.874811485691899061e+07
7.750000000000001332e-02 5.519499394459448755e+07 4.838803282810132205e+07 5.045579777510904521e+07 4.524798740374419093e+07 5.060117691186337918e+07 4.560356022089879215e+07 5.387060892045503855e+07
8.000000000000000167e-02 5.028658456799864024e+07 4.473315043792553991e+07 4.612388734294769913e+07 4.187042678075081110e+07 4.636016218489411473e+07 4.227389340219697356e+07 4.914652669980252534e+07
8.250000000000000389e-02 4.555196828410916775e+07 4.140206889295586199e+07 4.200725501498772204e+07 3.879221863496822119e+07 4.235321211303150654e+07 3.924673407117853314e+07 4.465614458140586317e+07
8.500000000000000611e-02 4.108461626040719450e+07 3.836217159969985485e+07 3.824264851805118471e+07 3.606471817576211691e+07 3.871976178943052888e+07 3.658308487639050931e+07 4.046849043364955485e+07
8.750000000000000833e-02 3.696041139473939687e+07 3.558450446847052872e+07 3.477734992819481343e+07 3.355346579282668978e+07 3.538653266925670952e+07 3.413038714600193501e+07 3.663476930407407135e+07
9.000000000000001055e-02 3.323178532418743894e+07 3.304332101254042611e+07 3.163862021903853118e+07 3.123397331232171133e+07 3.237353922111328691e+07 3.186182973605281487e+07 3.318523117548748851e+07
9.250000000000001277e-02 2.992597546030707657e+07 3.071569047891340777e+07 2.887930734689672664e+07 2.913418532458755001e+07 2.974025027796237171e+07 2.981831378629590943e+07 3.012927384535830468e+07
9.500000000000001499e-02 2.704710825752700865e+07 2.858115898011522368e+07 2.645339596915069595e+07 2.719855464325596765e+07 2.742708340045956150e+07 2.793490742962685227e+07 2.745825790609300137e+07
9.750000000000001721e-02 2.458049110751678050e+07 2.662145550187624991e+07 2.437623857670123875e+07 2.544528149968346581e+07 2.545087913204803690e+07 2.623658360370660946e+07 2.514965158950513601e+07
1.000000000000000194e-01 2.249723918086372316e+07 2.482023613448721543e+07 2.260036939246854559e+07 2.384344532434277982e+07 2.376404980662662536e+07 2.469252521049803123e+07 2.317110119660824537e+07
1.025000000000000078e-01 2.075907241901395097e+07 2.316286101885502040e+07 2.098297605319392681e+07 2.227125051938359439e+07 2.218146740919208899e+07 2.314223893096126243e+07 2.148437595985231549e+07
1.050000000000000100e-01 1.932274335834462568e+07 2.163619940592142195e+07 1.968399044472080469e+07 2.091292397734063119e+07 2.093174911840431392e+07 2.183641682308135927e+07 2.004886291470154747e+07
1.075000000000000122e-01 1.814294931457604840e+07 2.022845895779817551e+07 1.860141825684558600e+07 1.968994756874940544e+07 1.989042551304830611e+07 2.067465052667514235e+07 1.882387374885685369e+07
1.100000000000000144e-01 1.717389513389961421e+07 1.892903601271403581e+07 1.763877762795402855e+07 1.853414976153685898e+07 1.893858788801953569e+07 1.956681962782785669e+07 1.776997322955075651e+07
1.125000000000000167e-01 1.637158357268014736e+07 1.772838402597827837e+07 1.672446898054107837e+07 1.739641701680714637e+07 1.799246377055140585e+07 1.844928491949017346e+07 1.685075536266700551e+07
1.150000000000000189e-01 1.569452593538206816e+07 1.661789780292133614e+07 1.601363408664477058e+07 1.644274739689461142e+07 1.728166485662714392e+07 1.755388218445496634e+07 1.603345489551502280e+07
1.175000000000000211e-01 1.510391336660800502e+07 1.558981148112540320e+07 1.528466833946090564e+07 1.548702668824151345e+07 1.650761595412772894e+07 1.662478825354501605e+07 1.528913334456531703e+07
1.200000000000000094e-01 1.456531136638236791e+07 1.463710850394947082e+07 1.464843901473467425e+07 1.463436238490373455e+07 1.584044606511838362e+07 1.580923989215143584e+07 1.459370356001821533e+07
1.225000000000000117e-01 1.404880235605266318e+07 1.375344206930988282e+07 1.407164638569199666e+07 1.387345921691769548e+07 1.524657889536866546e+07 1.509869717101830617e+07 1.392779090463406220e+07
1.250000000000000278e-01 1.353028283221343905e+07 1.293306474434749223e+07 1.342665323885293864e+07 1.308986934325075708e+07 1.455030319762985781e+07 1.432987886160258576e+07 1.327715605398285203e+07
1.275000000000000300e-01 1.299215893724030629e+07 1.217076611059111357e+07 1.284724013170359842e+07 1.241206577858318947e+07 1.395397017049352825e+07 1.368832546106487140e+07 1.263259766669457033e+07
1.300000000000000322e-01 1.242375307271638513e+07 1.146181745525014400e+07 1.225930049057025835e+07 1.176665154479877092e+07 1.335556755117215216e+07 1.307085646671954915e+07 1.198960829747437499e+07
1.325000000000000344e-01 1.182150422258274630e+07 1.080192265340359882e+07 1.162950903821565397e+07 1.112648518033146113e+07 1.270776692108140327e+07 1.243890007844885066e+07 1.134789830258080736e+07
1.350000000000000366e-01 1.118772243983424269e+07 1.018717449582389556e+07 1.109121634968318790e+07 1.060241536792166717e+07 1.221032332599840127e+07 1.195651701179382391e+07 1.071020199258904345e+07
1.375000000000000389e-01 1.053058520984965935e+07 9.614015813527764753e+06 1.049588636854493432e+07 1.005636070781361498e+07 1.163826250322591513e+07 1.142327330502571166e+07 1.008187281591663137e+07
1.400000000000000411e-01 9.861106944957222790e+06 9.079204832207800820e+06 9.933140573267424479e+06 9.560443866833705455e+06 1.112329463982320577e+07 1.094710373497608304e+07 9.469053752989949659e+06
1.425000000000000433e-01 9.193155424104938284e+06 8.579784261443719268e+06 9.419692983861312270e+06 9.121190503289518878e+06 1.068404945081734285e+07 1.053717789686636627e+07 8.878584978225529194e+06
1.450000000000000455e-01 8.540078285052575171e+06 8.113053685121411458e+06 8.893268742743879557e+06 8.677970275332540274e+06 1.021913509624725953e+07 1.010570544960857183e+07 8.316341079068653286e+06
1.475000000000000477e-01 7.914842180186325684e+06 7.676544873330442235e+06 8.388785697826221585e+06 8.253123406450236216e+06 9.776820424768071622e+06 9.686802908363146707e+06 7.787412435159929097e+06
1.500000000000000222e-01 7.327714553720989265e+06 7.267999682543421164e+06 7.986109302024192177e+06 7.918043397022811696e+06 9.474320038280729204e+06 9.390951571253843606e+06 7.295148817489402369e+06
1.525000000000000244e-01 6.786780993232984096e+06 6.885350251624749973e+06 7.549335698402516544e+06 7.543028401064807549e+06 9.096379285643322393e+06 9.020224839847665280e+06 6.841569816929237917e+06
1.550000000000000266e-01 6.296843317004755139e+06 6.526701236247360706e+06 7.153740673905807547e+06 7.197171046665723436e+06 8.755803075367914513e+06 8.681452344075428322e+06 6.427010427419126034e+06
1.575000000000000289e-01 5.860231836728673428e+06 6.190313855295906775e+06 6.778644528628197499e+06 6.857788211727410555e+06 8.418370601520998403e+06 8.339376157901942730e+06 6.050619674660102464e+06
1.600000000000000311e-01 5.476670075521907769e+06 5.874591549715358764e+06 6.450719722339930013e+06 6.551209350328580476e+06 8.126577432940695435e+06 8.037762278237580322e+06 5.710404639093976468e+06
1.625000000000000333e-01 5.143841869945270941e+06 5.578067077764233574e+06 6.172148180562874302e+06 6.281304356403965503e+06 7.885246796628285199e+06 7.784251909704581834e+06 5.403566084746505134e+06
1.650000000000000355e-01 4.858185869990328327e+06 5.299390891057316214e+06 5.928196941285265610e+06 6.038953894079810008e+06 7.666447683009932749e+06 7.561820125193126500e+06 5.126898991168376058e+06
1.675000000000000377e-01 4.614558977433702908e+06 5.037320654073744081e+06 5.670914203856531531e+06 5.774262944471573457e+06 7.402750983054514974e+06 7.295039853441492654e+06 4.876720253455398604e+06
1.700000000000000400e-01 4.407772627437317744e+06 4.790711785335445777e+06 5.443365102692058310e+06 5.533061959154557437e+06 7.162615939427613281e+06 7.056740957210213877e+06 4.649533531781628728e+06
1.725000000000000422e-01 4.231417671484436840e+06 4.558508912541744299e+06 5.235126194649517536e+06 5.307607218336479738e+06 6.932740361154256389e+06 6.834884661928446963e+06 4.441618169981168583e+06
1.750000000000000444e-01 4.079654734471815638e+06 4.339738145984577015e+06 5.033509051095683128e+06 5.085605293588749133e+06 6.695817243531380780e+06 6.609442237542303279e+06 4.249743604190336540e+06
1.775000000000000466e-01 3.946572102286564186e+06 4.133500085428724997e+06 4.845410857658877969e+06 4.876525347625654191e+06 6.467085671607259661e+06 6.397297071239307523e+06 4.070933461239674129e+06
1.800000000000000488e-01 3.826782325528309681e+06 3.938963484920318238e+06 4.668310886472200975e+06 4.679208787085817195e+06 6.245426137270906940e+06 6.196680358836873434e+06 3.902673313116320409e+06
1.825000000000000511e-01 3.715281773882020731e+06 3.755359508551720064e+06 4.500453819713933393e+06 4.493059615808318369e+06 6.031795777681213804e+06 6.007461850540291518e+06 3.742837264480854385e+06
1.850000000000000533e-01 3.607331750671015587e+06 3.581976517283394933e+06 4.340148300225503743e+06 4.317344164627484046e+06 5.826680080836666748e+06 5.828453793581625447e+06 3.589624604111066088e+06
1.875000000000000555e-01 3.499059243782189209e+06 3.418155333662318997e+06 4.186059056097818539e+06 4.151211254774129950e+06 5.631392961835658178e+06 5.659390801399631426e+06 3.441707981612645555e+06
1.900000000000000577e-01 3.387484322124435566e+06 3.263284936834473163e+06 4.037343740602423437e+06 3.994305315317702480e+06 5.447230301302505657e+06 5.499138491070891730e+06 3.298177604152574204e+06
1.925000000000000322e-01 3.270386652147697285e+06 3.116798545457201079e+06 3.893419957523314282e+06 3.845908920575509313e+06 5.275688498143341392e+06 5.347676035233684815e+06 3.158442488861725666e+06
1.950000000000000344e-01 3.147066084108864423e+06 2.978170050531423185e+06 3.753809842372883111e+06 3.705248006561528891e+06 5.117132928235899657e+06 5.203972973687970079e+06 3.022375746693711728e+06
1.975000000000000366e-01 3.017917561229703948e+06 2.846910764219424687e+06 3.618927328141766600e+06 3.572346850269273855e+06 4.972890014422980137e+06 5.067988096881529316e+06 2.890127422837477177e+06
2.000000000000000389e-01 2.883847095019983128e+06 2.722566454232992604e+06 3.480839662330353633e+06 3.438789894045751076e+06 4.828256576728741638e+06 4.925471906950676814e+06 2.761933292820959818e+06
2.025000000000000411e-01 2.746898924216057174e+06 2.604714636544511188e+06 3.349881561752664857e+06 3.313576932055288926e+06 4.700104086375836283e+06 4.791804238389981911e+06 2.638244045624106657e+06
2.050000000000000433e-01 2.609131096392909531e+06 2.492962101948886178e+06 3.229852638777414337e+06 3.200522718531056307e+06 4.594383969800004736e+06 4.675720257478160784e+06 2.519433701568387449e+06
2.075000000000000455e-01 2.472735427696980070e+06 2.386942654522929341e+06 3.115026226966703776e+06 3.093011080227376893e+06 4.498784676690374501e+06 4.565023271437151358e+06 2.405835752013760153e+06
