1.000000000000000021e-03 3.877995016176355421e+03
1.009262190987047277e-03 3.911562802542402096e+03
1.018610170155975336e-03 3.945403985004618335e+03
1.028044732093309679e-03 3.979520443780281767e+03
1.037566678745185890e-03 4.013914066830189768e+03
1.047176819485520164e-03 4.048586746705003407e+03
1.056875971184803890e-03 4.083540336650314657e+03
1.066664958279538774e-03 4.118776659441195079e+03
1.076544612842315982e-03 4.154297541447854201e+03
1.086515774652538433e-03 4.190104813431999901e+03
1.096579291267809871e-03 4.226200310431569960e+03
1.106736018095973379e-03 4.262585871642957500e+03
1.116986818467822530e-03 4.299263340300924938e+03
1.127332563710487130e-03 4.336234563556083231e+03
1.137774133221491381e-03 4.373501392349928210e+03
1.148312414543511137e-03 4.411065681287492225e+03
1.158948303439810527e-03 4.448929288507421916e+03
1.169682703970384603e-03 4.487094075549662193e+03
1.180516528568805639e-03 4.525561907220584544e+03
1.191450698119775895e-03 4.564334651455546009e+03
1.202486142037412220e-03 4.603414179179002531e+03
1.213623798344240588e-03 4.642802364161906553e+03
1.224864613750930708e-03 4.682501082876635337e+03
1.236209543736769200e-03 4.722512214349249007e+03
1.247659552630869806e-03 4.762837640009039205e+03
1.259215613694150996e-03 4.803479243535643036e+03
1.270878709202058216e-03 4.844438910703192050e+03
1.282649830528059809e-03 4.885718529222011057e+03
1.294529978227915981e-03 4.927319988577489312e+03
1.306520162124721234e-03 4.969245179866181388e+03
1.318621401394748458e-03 5.011495993231573266e+03
1.330834724654074734e-03 5.054074287221765189e+03
1.343161170046015297e-03 5.096981896479466741e+03
1.355601785329368925e-03 5.140220654018715322e+03
1.368157627967471913e-03 5.183792391519433295e+03
1.380829765218092317e-03 5.227698939107068327e+03
1.393619274224142113e-03 5.271942125128957741e+03
1.406527242105236331e-03 5.316523775927425049e+03
1.419554766050101563e-03 5.361445715609517720e+03
1.432702953409831009e-03 5.406709765813347985e+03
1.445972921792019680e-03 5.452317745471121270e+03
1.459365799155756122e-03 5.498271470568850418e+03
1.472882723907501879e-03 5.544572753902475597e+03
1.486524844997857194e-03 5.591223404830764593e+03
1.500293322019218348e-03 5.638225229024699729e+03
1.514189325304352018e-03 5.685580028213428704e+03
1.528214036025869315e-03 5.733289599926878509e+03
1.542368646296628969e-03 5.781355737234614026e+03
1.556654359271062099e-03 5.829780228481610720e+03
1.571072389247450424e-03 5.878564857020201998e+03
1.585623961771137104e-03 5.927711400938764200e+03
1.600310313738700137e-03 5.977221632786747250e+03
1.615132693503091351e-03 6.027097319296207388e+03
1.630092360979741193e-03 6.077340221099892915e+03
1.645190587753662514e-03 6.127952092445755625e+03
1.660428657187529473e-03 6.178934673882696188e+03
1.675807864530767148e-03 6.230289611325744772e+03
1.691329517029648791e-03 6.282018480873692170e+03
1.706994934038407906e-03 6.334122844773423822e+03
1.722805447131393972e-03 6.386604252106067179e+03
1.738762400216250364e-03 6.439464238385510725e+03
1.754867149648150224e-03 6.492704325152401907e+03
1.771121064345088569e-03 6.546326019564009584e+03
1.787525525904235402e-03 6.600330813979413506e+03
1.804081928719382779e-03 6.654720185540627426e+03
1.820791680099462413e-03 6.709495595749260247e+03
1.837656200388170478e-03 6.764658490038757009e+03
1.854676923084699371e-03 6.820210297342606282e+03
1.871855294965579265e-03 6.876152429657917310e+03
1.889192776207666326e-03 6.932486281604961732e+03
1.906690840512251977e-03 6.989213229982315170e+03
1.924350975230330321e-03 7.046334633317837870e+03
1.942174681489026522e-03 7.103851831415349807e+03
1.960163474319185500e-03 7.161766144897099366e+03
1.978318882784164089e-03 7.220078874742230255e+03
1.996642450109793483e-03 7.278791301820815534e+03
2.015135733815558595e-03 7.337904686423938983e+03
2.033800305846981960e-03 7.397420267789656464e+03
2.052637752709252084e-03 7.457339263624808154e+03
2.071649675602069141e-03 7.517662869622899962e+03
2.090837690555750073e-03 7.578392251993160244e+03
2.110203428568596575e-03 7.639528474391174313e+03
2.129748535745521181e-03 7.701072523783025645e+03
2.149474673437980470e-03 7.763025357903155964e+03
2.169383518385184159e-03 7.825387905449016216e+03
2.189476762856620851e-03 7.888161065501198209e+03
2.209756114795903038e-03 7.951345706939535376e+03
2.230223297965938743e-03 8.014942667855252694e+03
2.250880052095461867e-03 8.078952754958957485e+03
2.271728133026905232e-03 8.143376742984906741e+03
2.292769312865648810e-03 8.208215374091290869e+03
2.314005380130654006e-03 8.273469357256726653e+03
2.335438139906479207e-03 8.339139367673302331e+03
2.357069413996727789e-03 8.405226046135581782e+03
2.378901041078893431e-03 8.471729998426560996e+03
2.400934876860651764e-03 8.538651794699728271e+03
2.423172794237600514e-03 8.605991968858012115e+03
2.445616683452446396e-03 8.673751017929394948e+03
2.468268452255692556e-03 8.741929401439212597e+03
2.491130026067788373e-03 8.810527540779647097e+03
2.514203348142796720e-03 8.879545818575717931e+03
2.537490379733571728e-03 8.948984578048995900e+03
2.560993100258459210e-03 9.018844122377871827e+03
2.584713507469563968e-03 9.089124714055562436e+03
2.608653617622547997e-03 9.159826574245455049e+03
2.632815465648019864e-03 9.230949871885288303e+03
2.657201105324506589e-03 9.302494626462630549e+03
2.681812609453015830e-03 9.374460747301731317e+03
2.706652070033241288e-03 9.446848093346923633e+03
2.731721598441376204e-03 9.519656473221884880e+03
2.757023325609582638e-03 9.592885644490021150e+03
2.782559402207125665e-03 9.666535312913141752e+03
2.808331998823172457e-03 9.740605131708711269e+03
2.834343306151309184e-03 9.815094700805722823e+03
2.860595535175741895e-03 9.890003566099247109e+03
2.887090917359234725e-03 9.965331218704159255e+03
2.913831704832788461e-03 1.004107709420796527e+04
2.940820170587063812e-03 1.011724057192295550e+04
2.968058608665602276e-03 1.019382097413784504e+04
2.995549334359812969e-03 1.027081756536935245e+04
3.023294684405776565e-03 1.034822955161338177e+04
3.051297017182870702e-03 1.042605607959654117e+04
3.079558712914226386e-03 1.050429623602788160e+04
3.108082173869063970e-03 1.058294904685122492e+04
3.136869824566876613e-03 1.066201347649802665e+04
3.165924111983520629e-03 1.074148842714146849e+04
3.195247505759213607e-03 1.082137273795136571e+04
3.224842498408442022e-03 1.090166518435065336e+04
3.254711605531848163e-03 1.098236447727351515e+04
3.284857366030043482e-03 1.106346926242495829e+04
3.315282342319423366e-03 1.114497810157438835e+04
3.345989120549974685e-03 1.122688931803540072e+04
3.376980310825091272e-03 1.130920106711801236e+04
3.408258547423452002e-03 1.139191142656475495e+04
3.439826489022924580e-03 1.147501839669131368e+04
3.471686818926559247e-03 1.155851989956315629e+04
3.503842245290675859e-03 1.164241377817603643e+04
3.536295501355042614e-03 1.172669779564185774e+04
3.569049345675229679e-03 1.181136963437958912e+04
3.602106562357070083e-03 1.189642689531155520e+04
3.635469961293317630e-03 1.198186709706586407e+04
3.669142378402494038e-03 1.206768767518479399e+04
3.703126675869927026e-03 1.215388598133995947e+04
3.737425742391064371e-03 1.224045928255412218e+04
3.772042493416997554e-03 1.232740476043052513e+04
3.806979871402283930e-03 1.241471951038973384e+04
3.842240846055060884e-03 1.250240054091432103e+04
3.877828414589457214e-03 1.259044477280205683e+04
3.913745601980383668e-03 1.267884903842785934e+04
3.949995461220642823e-03 1.276761008101460720e+04
3.986581073580438943e-03 1.285672455391359290e+04
4.023505548869293034e-03 1.294618901989483857e+04
4.060772025700365266e-03 1.303599995044744355e+04
4.098383671757261509e-03 1.312615372509092958e+04
4.136343684063273698e-03 1.321664663069713606e+04
4.174655289253134671e-03 1.330747482994765414e+04
4.213321743847289226e-03 1.339863412040855110e+04
4.252346334528682263e-03 1.349012005678979585e+04
4.291732378422157684e-03 1.358192808527912530e+04
4.331483223376398663e-03 1.367405354395139511e+04
4.371602248248502090e-03 1.376649166206475638e+04
4.412092863191189804e-03 1.385923755937323040e+04
4.452958509942655727e-03 1.395228624545729690e+04
4.494202662119141725e-03 1.404563261907248307e+04
4.535828825510186679e-03 1.413927146751640430e+04
4.577840538376616412e-03 1.423319746601521911e+04
4.620241371751312651e-03 1.432740517712948895e+04
4.663034929742731517e-03 1.442188905018079822e+04
4.706224849841281720e-03 1.451664342069871600e+04
4.749814803228499978e-03 1.461166250988967477e+04
4.793808495089106961e-03 1.470694042412725321e+04
4.838209664925957609e-03 1.480247115446564385e+04
4.883022086877879774e-03 1.489824857617565794e+04
4.928249570040513054e-03 1.499426644830462465e+04
4.973895958790062848e-03 1.509051841326074100e+04
5.019965133110078880e-03 1.518699799642193466e+04
5.066461008921268640e-03 1.528369860577023064e+04
5.113387538414325764e-03 1.538061353155221695e+04
5.160748710385907809e-03 1.547773594596566909e+04
5.208548550577660197e-03 1.557505890287393049e+04
5.256791122018419048e-03 1.567257527070510696e+04
5.305480525369573805e-03 1.577027725892084891e+04
5.354620899273607876e-03 1.586815668275884673e+04
5.404216420705915298e-03 1.596620521506523255e+04
5.454271305329836186e-03 1.606441438768391708e+04
5.504789807854967333e-03 1.616277559126849519e+04
5.555776222398878077e-03 1.626128007513487864e+04
5.607234882852032802e-03 1.635991894715474700e+04
5.659170163246242738e-03 1.645868317369145734e+04
5.711586478126434545e-03 1.655756357957832006e+04
5.764488282925873605e-03 1.665655084814062138e+04
5.817880074344935690e-03 1.675563552126268405e+04
5.871766390733255264e-03 1.685480799949920038e+04
5.926151812475552276e-03 1.695405854223330607e+04
5.981040962380944001e-03 1.705337726788132568e+04
6.036438506075864248e-03 1.715275415414495365e+04
6.092349152400711350e-03 1.725217903831221338e+04
6.148777653810022850e-03 1.735164161760696879e+04
6.205728806776500406e-03 1.745113144958905468e+04
6.263207452198692356e-03 1.755063795260455299e+04
6.321218475812448445e-03 1.765015040628771385e+04
6.379766808606282015e-03 1.774965795211506338e+04
6.438857427240419345e-03 1.784914959401238957e+04
6.498495354469888304e-03 1.794861419901502813e+04
6.558685659571435525e-03 1.804804049798308552e+04
6.619433458774394430e-03 1.814741697630483759e+04
6.680743915695614224e-03 1.824673116527620368e+04
6.742622241778342337e-03 1.834597007440973539e+04
6.805073696735206880e-03 1.844512055063074513e+04
6.868103588995307790e-03 1.854416928105135230e+04
6.931717276155407136e-03 1.864310279412128511e+04
6.995920165435374691e-03 1.874190746085579303e+04
7.060717714137772563e-03 1.884056949614191035e+04
7.126115430111745405e-03 1.893907496012425327e+04
7.192118872221192789e-03 1.903740975967075792e+04
7.258733650817253240e-03 1.913555964991963629e+04
7.325965428215230023e-03 1.923351023590821205e+04
7.393819919175865889e-03 1.933124697428438230e+04
7.462302891391108146e-03 1.942875517510182908e+04
7.531420165974375344e-03 1.952602000369902453e+04
7.601177617955329896e-03 1.962302648266379038e+04
7.671581176779302368e-03 1.971975949388295703e+04
7.742636826811269413e-03 1.981620378067886122e+04
7.814350607844541483e-03 1.991234395003245663e+04
7.886728615614155974e-03 2.000816447489401617e+04
7.959777002314986222e-03 2.010364969658208429e+04
8.033501977124733739e-03 2.019878382727097051e+04
8.107909806731686611e-03 2.029355095256719142e+04
8.183006815867388886e-03 2.038793503417571992e+04
8.258799387844271284e-03 2.048191991265580873e+04
8.335293965098196367e-03 2.057548907468085235e+04
8.412497049736117685e-03 2.066862427370955993e+04
8.490415204088747059e-03 2.076130644126462721e+04
8.569055051268347975e-03 2.085351635263412390e+04
8.648423275731726215e-03 2.094523463291840017e+04
8.728526623848379545e-03 2.103644176098893513e+04
8.809371904473990364e-03 2.112711807358454826e+04
8.890965989529158939e-03 2.121724376954330364e+04
8.973315814583519498e-03 2.130679891417318868e+04
9.056428379445294677e-03 2.139576344375999543e+04
9.140310748756232812e-03 2.148411717021340155e+04
9.224970052592174410e-03 2.157183978585151272e+04
9.310413487069076066e-03 2.165891086832351721e+04
9.396648314954691300e-03 2.174530988567125314e+04
9.483681866285927423e-03 2.183101620152840405e+04
9.571521538991866265e-03 2.191600908045826509e+04
9.660174799522646544e-03 2.200026769342927582e+04
9.749649183484086420e-03 2.208377112342787950e+04
9.839952296278226679e-03 2.216649837120870143e+04
9.931091813749801447e-03 2.224842836118054765e+04
1.002307548283865382e-02 2.232953994742880241e+04
1.011591112223829761e-02 2.240981191987194325e+04
1.020960662306046561e-02 2.248922301055330172e+04
1.030416994950588035e-02 2.256775190006425692e+04
1.039960913954119694e-02 2.264537722410105926e+04
1.049593230558227772e-02 2.272207721497402599e+04
1.059314763518369971e-02 2.279782775899531043e+04
1.069126339173476041e-02 2.287260378239515194e+04
1.079028791516184124e-02 2.294638014654306971e+04
1.089022962263729889e-02 2.301913165875629784e+04
1.099109700929497280e-02 2.309083308131786180e+04
1.109289864895222737e-02 2.316145914068953061e+04
1.119564319483878218e-02 2.323098453691664326e+04
1.129933938033222257e-02 2.329938395322267024e+04
1.140399601970032428e-02 2.336663206579166581e+04
1.150962200885032385e-02 2.343270355373516213e+04
1.161622632608501869e-02 2.349757310924105695e+04
1.172381803286598467e-02 2.356121544790113694e+04
1.183240627458378644e-02 2.362360531921414076e+04
1.194200028133531911e-02 2.368471751726103685e+04
1.205260936870842549e-02 2.374452689154777181e+04
1.216424293857367930e-02 2.380300835801335052e+04
1.227691047988359145e-02 2.386013691019682665e+04
1.239062156947916271e-02 2.391588763056063544e+04
1.250538587290390795e-02 2.397023570196508808e+04
1.262121314522547319e-02 2.402315641928849800e+04
1.273811323186478488e-02 2.407462520118881002e+04
1.285609606943295853e-02 2.412461760200109347e+04
1.297517168657587490e-02 2.417310932376529672e+04
1.309535020482666991e-02 2.422007622837827512e+04
1.321664183946605169e-02 2.426549378058575894e+04
1.333905690039058692e-02 2.430933429827692817e+04
1.346260579298910395e-02 2.435156906413125034e+04
1.358729901902709820e-02 2.439216953647097398e+04
1.371314717753944860e-02 2.443110736710132915e+04
1.384016096573131502e-02 2.446835441769976387e+04
1.396835117988739702e-02 2.450388277638898580e+04
1.409772871628967028e-02 2.453766477448255682e+04
1.422830457214352591e-02 2.456967300339453868e+04
1.436008984651259909e-02 2.459988033170281051e+04
1.449309574126216547e-02 2.462825992235434023e+04
1.462733356201129965e-02 2.465478525000327136e+04
1.476281471909390332e-02 2.467943011846851732e+04
1.489955072852854404e-02 2.470216867830017873e+04
1.503755321299737706e-02 2.472297544444282539e+04
1.517683390283405299e-02 2.474182531398210267e+04
1.531740463702079870e-02 2.475869358396297685e+04
1.545927736419477720e-02 2.477355596926560975e+04
1.560246414366368677e-02 2.478638862052555487e+04
1.574697714643085930e-02 2.479716814208451615e+04
1.589282865622978005e-02 2.480587160995724844e+04
1.604003107056820032e-02 2.481247658979954940e+04
1.618859690178198543e-02 2.481696115486399867e+04
1.633853877809861299e-02 2.481930390392624395e+04
1.648986944471064753e-02 2.481948397916788963e+04
1.664260176485903714e-02 2.481748066706411919e+04
1.679674872092653051e-02 2.481327158073042665e+04
1.695232341554120392e-02 2.480683417567301876e+04
1.710933907269014329e-02 2.479814652748098524e+04
1.726780903884355886e-02 2.478718735296681552e+04
1.742774678408919031e-02 2.477393603064857598e+04
1.758916590327732482e-02 2.475837262112107783e+04
1.775208011717635190e-02 2.474047788729390595e+04
1.791650327363900411e-02 2.472023331447568853e+04
1.808244934877951612e-02 2.469762113028346357e+04
1.824993244816152521e-02 2.467262432435441951e+04
1.841896680799710861e-02 2.464522666783991008e+04
1.858956679635687462e-02 2.461541273265687414e+04
1.876174691439120440e-02 2.458316791047724473e+04
1.893552179756295348e-02 2.454847843143027421e+04
1.911090621689138028e-02 2.451133138249713738e+04
1.928791508020777715e-02 2.447171472557310699e+04
1.946656343342262341e-02 2.442961731517563021e+04
1.964686646180445473e-02 2.438502891577491391e+04
1.982883949127071249e-02 2.433794021872418307e+04
2.001249798969037194e-02 2.428834285876596550e+04
2.019785756819878278e-02 2.423622943009198207e+04
2.038493398252463201e-02 2.418159350193305727e+04
2.057374313432912619e-02 2.412442963365736796e+04
2.076430107255774690e-02 2.406473338935229185e+04
2.095662399480432980e-02 2.400250254447325642e+04
2.115072824868794582e-02 2.393774185063453479e+04
2.134663033324244244e-02 2.387045887919851157e+04
2.154434690031883232e-02 2.380066214922613290e+04
2.174389475600079988e-02 2.372836112904723996e+04
2.194529086203313509e-02 2.365356623786334603e+04
2.214855233726359396e-02 2.357628884674637811e+04
2.235369645909795339e-02 2.349654127902695836e+04
2.256074066496860375e-02 2.341433681006397092e+04
2.276970255381680075e-02 2.332968966639196879e+04
2.298059988758851049e-02 2.324261502423834463e+04
2.319345059274428855e-02 2.315312900740658733e+04
2.340827276178293267e-02 2.306124868452152077e+04
2.362508465477946434e-02 2.296699206563124608e+04
2.384390470093720321e-02 2.287037809816417575e+04
2.406475150015424322e-02 2.277142666223721972e+04
2.428764382460451773e-02 2.267015856531366444e+04
2.451260062033338433e-02 2.256659553620930092e+04
2.473964100886812817e-02 2.246076021844546995e+04
2.496878428884326609e-02 2.235267616294975232e+04
2.520004993764092191e-02 2.224236782010312527e+04
2.543345761304649510e-02 2.212986053113704475e+04
2.566902715491950482e-02 2.201518051887970432e+04
2.590677858688007415e-02 2.189835487785529767e+04
2.614673211801091940e-02 2.177941156373964259e+04
2.638890814457510448e-02 2.165838526634760274e+04
2.663332725174982069e-02 2.153533850821590386e+04
2.688001021537606006e-02 2.141034167971579518e+04
2.712897800372465751e-02 2.128346500044585264e+04
2.738025177927857698e-02 2.115477846984274220e+04
2.763385290053169824e-02 2.102435181995171297e+04
2.788980292380440970e-02 2.089225446955831285e+04
2.814812360507579908e-02 2.075855547970259795e+04
2.840883690183302474e-02 2.062332351059015491e+04
2.867196497493769772e-02 2.048662677991593955e+04
2.893753019050950351e-02 2.034853302261126009e+04
2.920555512182746588e-02 2.020910945202420044e+04
2.947606255124857189e-02 2.006842272253991177e+04
2.974907547214440673e-02 1.992653889364575298e+04
3.002461709085549324e-02 1.978352339544393908e+04
3.030271082866396390e-02 1.963944099561210896e+04
3.058338032378433297e-02 1.949435576781076452e+04
3.086664943337272954e-02 1.934833106153308108e+04
3.115254223555487950e-02 1.920142947339304737e+04
3.144108303147264555e-02 1.905371281984334564e+04
3.173229634734976018e-02 1.890524211131518314e+04
3.202620693657651924e-02 1.875607752776876077e+04
3.232283978181379330e-02 1.860627839564206442e+04
3.262222009711669701e-02 1.845590316618474026e+04
3.292437333007768724e-02 1.830500939556185767e+04
3.322932516398971470e-02 1.815366607013755493e+04
3.353710152002930406e-02 1.800198520738122897e+04
3.384772855945981235e-02 1.785008593029377153e+04
3.416123268585528200e-02 1.769808413940956234e+04
3.447764054734463873e-02 1.754609249788469606e+04
3.479697903887691429e-02 1.739422042368602706e+04
3.511927530450729279e-02 1.724257408858147755e+04
3.544455673970433457e-02 1.709125642363004226e+04
3.577285099367873145e-02 1.694036713087016324e+04
3.610418597173337130e-02 1.679000270090612321e+04
3.643858983763544751e-02 1.664025643609236431e+04
3.677609101601032882e-02 1.649121847902001173e+04
3.711671819475764744e-02 1.634297584601418384e+04
3.746050032748993175e-02 1.619561246535057398e+04
3.780746663599349189e-02 1.604920921991157957e+04
3.815764661271248137e-02 1.590384399400162329e+04
3.851107002325571127e-02 1.575959172405208119e+04
3.886776690892665420e-02 1.561652445295121106e+04
3.922776758927719321e-02 1.547471138774158317e+04
3.959110266468458816e-02 1.533421896043764718e+04
3.995780301895269365e-02 1.519511089172104766e+04
4.032789982193707434e-02 1.505744825728318938e+04
4.070142453219436490e-02 1.492128955659142412e+04
4.107840889965647113e-02 1.478669087142669559e+04
4.145888496832911274e-02 1.465370757946882804e+04
4.184288507901582493e-02 1.452239421751062764e+04
4.223044187206674571e-02 1.439280298044643132e+04
4.262158829015322975e-02 1.426498374264623635e+04
4.301635758106794882e-02 1.413898414157481056e+04
4.341478330055092288e-02 1.401484966273951068e+04
4.381689931514192587e-02 1.389262372580631018e+04
4.422273980505899565e-02 1.377234777173385737e+04
4.463233926710395011e-02 1.365406135078738589e+04
4.504573251759458330e-02 1.353780221130550126e+04
4.546295469532399269e-02 1.342360638910319540e+04
4.588404126454759258e-02 1.331150829740657719e+04
4.630902801799739038e-02 1.320154081722507181e+04
4.673795107992460840e-02 1.309373538807836485e+04
4.717084690917017209e-02 1.298812209900550624e+04
4.760775230226368254e-02 1.288472977953333429e+04
4.804870439655131720e-02 1.278357245536305527e+04
4.849374067335235350e-02 1.268461365147152901e+04
4.894289896114529387e-02 1.258780643775791214e+04
4.939621743878321036e-02 1.249310514052656254e+04
4.985373463873893352e-02 1.240046530475071631e+04
5.031548945038054332e-02 1.230984365757393971e+04
5.078152112327673218e-02 1.222119807300672983e+04
5.125186927053330260e-02 1.213448753777293314e+04
5.172657387216018920e-02 1.204967211826686253e+04
5.220567527846975420e-02 1.196671292858023844e+04
5.268921421350674511e-02 1.188557092499605642e+04
5.317723177850969263e-02 1.180617516511414215e+04
5.366976945540476163e-02 1.172842010306462362e+04
5.416686911033152113e-02 1.165220101690633055e+04
5.466857299720180585e-02 1.157741583970912507e+04
5.517492376129125992e-02 1.150396504749587984e+04
5.568596444286411790e-02 1.143175155577063560e+04
5.620173848083188234e-02 1.136068062427561381e+04
5.672228971644543288e-02 1.129065880260743870e+04
5.724766239702178822e-02 1.122156762710522889e+04
5.777790117970504208e-02 1.115326121208375298e+04
5.831305113526221579e-02 1.108559552921591967e+04
5.885315775191450605e-02 1.101842993918313368e+04
5.939826693920356032e-02 1.095162712157798160e+04
5.994842503189409116e-02 1.088505302222050523e+04
6.050367879391221199e-02 1.081857380116753666e+04
6.106407542232039631e-02 1.075203539265670042e+04
6.162966255132942134e-02 1.068527657069546876e+04
6.220048825634711537e-02 1.061814020366091063e+04
6.277660105806499857e-02 1.055047336440561958e+04
6.335804992658250478e-02 1.048212739652803066e+04
6.394488428556939497e-02 1.041295619239477492e+04
6.453715401646702154e-02 1.034280859212456926e+04
6.513490946272802729e-02 1.027153519340749517e+04
6.573820143409585259e-02 1.019899174473928906e+04
6.634708121092347533e-02 1.012503932848352633e+04
6.696160054853218802e-02 1.004954476592674109e+04
6.758181168161110641e-02 9.972384200742970279e+03
6.820776732865685421e-02 9.893442662245939573e+03
6.883952069645496441e-02 9.812611271802130432e+03
6.947712548460235893e-02 9.729787383322885944e+03
7.012063589007180853e-02 9.644875914663609365e+03
7.077010661181890039e-02 9.557804871217620530e+03
7.142559285543126357e-02 9.468521255388337522e+03
7.208715033782135684e-02 9.376978458781117297e+03
7.275483529196229149e-02 9.283136096971860752e+03
7.342870447166761905e-02 9.186966165462177742e+03
7.410881515641569439e-02 9.088478077641661002e+03
7.479522515621821188e-02 8.987696386268151400e+03
7.548799281653435778e-02 8.884650302948644821e+03
7.618717702322995444e-02 8.779374650121335435e+03
7.689283720758309515e-02 8.671938101934119913e+03
7.760503335133571434e-02 8.562446361378883012e+03
7.832382599179196769e-02 8.451008314936414536e+03
7.904927622696424072e-02 8.337733873899444006e+03
7.978144572076624474e-02 8.222752341960787817e+03
8.052039670825474060e-02 8.106241632498893523e+03
8.126619200091945994e-02 7.988384165567296805e+03
8.201889499202202893e-02 7.869358109109822180e+03
8.277856966198476885e-02 7.749349755913092849e+03
8.354528058382866551e-02 7.628594649311287867e+03
8.431909292866254790e-02 7.507333909700259028e+03
8.510007247122246266e-02 7.385798220015321931e+03
8.588828559546249353e-02 7.264217505952131432e+03
8.668379930019778912e-02 7.142861254548943180e+03
8.748668120479910493e-02 7.022000513440903887e+03
8.829699955494087205e-02 6.901890443208948454e+03
8.911482322840201531e-02 6.782779200827007116e+03
8.994022174092043687e-02 6.664940022383871110e+03
9.077326525210228925e-02 6.548639688789024149e+03
9.161402457138516364e-02 6.434126096844712265e+03
9.246257116405738608e-02 6.321635568818157481e+03
9.331897715733239451e-02 6.211409496041924285e+03
9.418331534647951531e-02 6.103675568139889037e+03
9.505565920101195776e-02 5.998643465094324711e+03
9.593608287093141618e-02 5.896504123035400880e+03
9.682466119303123619e-02 5.797428888721325166e+03
9.772146969725724330e-02 5.701574467504437962e+03
9.862658461312820424e-02 5.609084099661848086e+03
9.954008287621524120e-02 5.520069005029912660e+03
1.004620421346813092e-01 5.434606610909701885e+03
1.013925407558815273e-01 5.352766445260662294e+03
1.023316578330244891e-01 5.274607896651104056e+03
1.032794731918951492e-01 5.200133183352717424e+03
1.042360673976401170e-01 5.129311412699562425e+03
1.052015217616159015e-01 5.062113197229848993e+03
1.061759183483000080e-01 4.998493272864872779e+03
1.071593399822671072e-01 4.938330685235026067e+03
1.081518702552288075e-01 4.881490273787255319e+03
1.091535935331391094e-01 4.827844267749484970e+03
1.101645949633656973e-01 4.777228395944116528e+03
1.111849604819270948e-01 4.729410955697602731e+03
1.122147768207980290e-01 4.684163623261265457e+03
1.132541315152811451e-01 4.641263529034047679e+03
1.143031129114478600e-01 4.600434254024147776e+03
1.153618101736478552e-01 4.561365857189487542e+03
1.164303132920876810e-01 4.523758639167701403e+03
1.175087130904807486e-01 4.487310288188675258e+03
1.185971012337669467e-01 4.451676615926630802e+03
1.196955702359042834e-01 4.416511240635206377e+03
1.208042134677328877e-01 4.381478359036961592e+03
1.219231251649110781e-01 4.346244082456292745e+03
1.230524004359261625e-01 4.310473463438527688e+03
1.241921352701783332e-01 4.273842208935366216e+03
1.253424265461399456e-01 4.236041157500309964e+03
1.265033720395903893e-01 4.196798744591299510e+03
1.276750704319265795e-01 4.155868270697825210e+03
1.288576213185518016e-01 4.113016486738479216e+03
1.300511252173408572e-01 4.068050173336267108e+03
1.312556835771842845e-01 4.020852312155822347e+03
1.324713987866117382e-01 3.971327545600913709e+03
1.336983741824946670e-01 3.919398037652751555e+03
1.349367140588306480e-01 3.865073964390872788e+03
1.361865236756081288e-01 3.808434979403431043e+03
1.374479092677536596e-01 3.749568561610040888e+03
1.387209780541620863e-01 3.688595359671580809e+03
1.400058382468097606e-01 3.625748674877674148e+03
1.413025990599533765e-01 3.561284338398559157e+03
1.426113707194128222e-01 3.495452647727215208e+03
1.439322644719406574e-01 3.428562563488164869e+03
1.452653925946781333e-01 3.360990121681874825e+03
1.466108684046984467e-01 3.293094336107186336e+03
1.479688062686396188e-01 3.225222944676420866e+03
1.493393216124251910e-01 3.157773483763092372e+03
1.507225309310755434e-01 3.091141900925149457e+03
1.521185517986104740e-01 3.025692192440781582e+03
1.535275028780422601e-01 2.961768515246256811e+03
1.549495039314631728e-01 2.899704699615384470e+03
1.563846758302246120e-01 2.839806668467379041e+03
1.578331405652118047e-01 2.782348186469234406e+03
1.592950212572122881e-01 2.727533625976400344e+03
1.607704421673823714e-01 2.675523166049051270e+03
1.622595287078087145e-01 2.626462782625162163e+03
1.637624074521687179e-01 2.580445616154292566e+03
1.652792061464895546e-01 2.537447923641862872e+03
1.668100537200059019e-01 2.497430386596740391e+03
1.683550802961202297e-01 2.460351290940907802e+03
1.699144172034625921e-01 2.426056331327633870e+03
1.714881969870539202e-01 2.394304081783321635e+03
1.730765534195725930e-01 2.364865578853194620e+03
1.746796215127245644e-01 2.337501309863515417e+03
1.762975375287205715e-01 2.311886663961160139e+03
1.779304389918577312e-01 2.287688092037522892e+03
1.795784647002094947e-01 2.264585512996211492e+03
1.812417547374237659e-01 2.242224739845421936e+03
1.829204504846293766e-01 2.220208605146714945e+03
1.846146946324547511e-01 2.198151916253557374e+03
1.863246311931559818e-01 2.175687161261506844e+03
1.880504055128581486e-01 2.152477211845202874e+03
1.897921642839101308e-01 2.128206317852637312e+03
1.915500555573527997e-01 2.102576520206035184e+03
1.933242287555045347e-01 2.075379335358912613e+03
1.951148346846616477e-01 2.046544561969479901e+03
1.969220255479171566e-01 2.016025335514747212e+03
1.987459549580983809e-01 1.983801052200559752e+03
2.005867779508233861e-01 1.950001958629655746e+03
2.024446509976803865e-01 1.914835713608134938e+03
2.043197320195270505e-01 1.878505545962012548e+03
2.062121803999142355e-01 1.841255910779761052e+03
2.081221569986339281e-01 1.803438445808920051e+03
2.100498241653915299e-01 1.765400472140763895e+03
2.119953457536070951e-01 1.727466637112819171e+03
2.139588871343421628e-01 1.689968574004327365e+03
2.159406152103565402e-01 1.653235420554659868e+03
2.179406984302955930e-01 1.617568389873906199e+03
2.199593068030074872e-01 1.583230259020738913e+03
2.219966119119954895e-01 1.550417454863267494e+03
2.240527869300018293e-01 1.519298784547547029e+03
2.261280066337277295e-01 1.490025588203845700e+03
2.282224474186898555e-01 1.462656622999600131e+03
2.303362873142131284e-01 1.437156688829469431e+03
2.324697059985647851e-01 1.413489005106545392e+03
2.346228848142262458e-01 1.391593379924054489e+03
2.367960067833076165e-01 1.371262588916945333e+03
2.389892566231050230e-01 1.352249747580516896e+03
2.412028207618006903e-01 1.334321938382348208e+03
2.434368873543110434e-01 1.317215827877239008e+03
2.456916462982789984e-01 1.300611820160909019e+03
2.479672892502157722e-01 1.284199768743014602e+03
2.502640096417919069e-01 1.267689950743808595e+03
2.525820026962784515e-01 1.250852204912291427e+03
2.549214654451423256e-01 1.233492391109489972e+03
2.572825967447932016e-01 1.215429124482810494e+03
2.596655972934869827e-01 1.196542141892931113e+03
2.620706696483852682e-01 1.176835948994262480e+03
2.644980182427719706e-01 1.156335825378134814e+03
2.669478494034320804e-01 1.135077426640421663e+03
2.694203713681882495e-01 1.113205598967392007e+03
2.719157943036019098e-01 1.090939763273424433e+03
2.744343303228365394e-01 1.068487868987627735e+03
2.769761935036890721e-01 1.046061255231937594e+03
2.795415999067856205e-01 1.023920058878128884e+03
2.821307675939470627e-01 1.002318047281415602e+03
2.847439166467247706e-01 9.814856402617399453e+02
2.873812691851066470e-01 9.615775371956895015e+02
2.900430493863991877e-01 9.426709989887436905e+02
2.927294835042815735e-01 9.248329693886804534e+02
2.954407998880380082e-01 9.081049330582695802e+02
2.981772290019673588e-01 8.924023734052370855e+02
3.009390034449720974e-01 8.776000854783497971e+02
3.037263579703311511e-01 8.635807676986081560e+02
3.065395295056526637e-01 8.502013084906782296e+02
3.093787571730136632e-01 8.372652434854334160e+02
3.122442823092858033e-01 8.245808501660471848e+02
3.151363484866479547e-01 8.119696472880010560e+02
3.180552015332919757e-01 7.992880153975213489e+02
3.210010895543171650e-01 7.864173175000180436e+02
3.239742629528195583e-01 7.732475637609237538e+02
3.269749744511767919e-01 7.597105390648063121e+02
3.300034791125285305e-01 7.458601603432636011e+02
3.330600343624588455e-01 7.317737473383235738e+02
3.361449000108764906e-01 7.175257544304731709e+02
3.392583382740991804e-01 7.032229389766893064e+02
3.424006137971425390e-01 6.890101004772961915e+02
3.455719936762139399e-01 6.750239325114545181e+02
3.487727474814177331e-01 6.613873471242752657e+02
3.520031472796679162e-01 6.481894335837260996e+02
3.552634676578139139e-01 6.355001409889719071e+02
3.585539857459816848e-01 6.233833646053814164e+02
3.618749812411280464e-01 6.118656693921211627e+02
3.652267364308175446e-01 6.008751538429281709e+02
3.686095362172157608e-01 5.903266923928129017e+02
3.720236681413066071e-01 5.801403576381575249e+02
3.754694224073336639e-01 5.702273100374480919e+02
3.789470919074667821e-01 5.604861916665051922e+02
3.824569722466998889e-01 5.508210349680900890e+02
3.859993617679767230e-01 5.411463407807864314e+02
3.895745615775501047e-01 5.314284576731229208e+02
3.931828755705770173e-01 5.216656527948216535e+02
3.968246104569481680e-01 5.118573311921587106e+02
4.005000757873611317e-01 5.020132056399991143e+02
4.042095839796305823e-01 4.921946473187010156e+02
4.079534503452448835e-01 4.824759493041495944e+02
4.117319931161679269e-01 4.729257990975204393e+02
4.155455334718875515e-01 4.635996864044262793e+02
4.193943955667186474e-01 4.545248406142776503e+02
4.232789065573548948e-01 4.457215684511277232e+02
4.271993966306776858e-01 4.372081882684960874e+02
4.311561990318228399e-01 4.289836856242530416e+02
4.351496500925050026e-01 4.210098765179214411e+02
4.391800892596086081e-01 4.132464015134489159e+02
4.432478591240395782e-01 4.056555472860706573e+02
4.473533054498463057e-01 3.982008170997412435e+02
4.514967772036102001e-01 3.908459342772264336e+02
4.556786265841064054e-01 3.835569445363028649e+02
4.598992090522438514e-01 3.763025839902950338e+02
4.641588833612777520e-01 3.690735070144631891e+02
4.684580115873045458e-01 3.618966675060731859e+02
4.727969591600390542e-01 3.548008648485292724e+02
4.771760948938745805e-01 3.478127168601198491e+02
4.815957910192351088e-01 3.409553436654905454e+02
4.860564232142133845e-01 3.342465180351447316e+02
4.905583706365045371e-01 3.277019477261451925e+02
4.951020159556351330e-01 3.213359300766792330e+02
4.996877453854883799e-01 3.151552669675139100e+02
5.043159487171359201e-01 3.091360141880294918e+02
5.089870193519679953e-01 3.032467215134363983e+02
5.137013543351344191e-01 2.974581169632189699e+02
5.184593543892912493e-01 2.917439359775012804e+02
5.232614239486661489e-01 2.860960235648060461e+02
5.281079711934331122e-01 2.805204615611167469e+02
5.329994080844088211e-01 2.750232834793803249e+02
5.379361503980703008e-01 2.696100213967495733e+02
5.429186177618943177e-01 2.642861394636073555e+02
5.479472336900287344e-01 2.590581918838279307e+02
5.530224256192900478e-01 2.539325106230157303e+02
5.581446249454961039e-01 2.489148251302452195e+02
5.633142670601357649e-01 2.440102583863462655e+02
5.685317913873753071e-01 2.392184523125110331e+02
5.737976414214134291e-01 2.345290966969828048e+02
5.791122647641758769e-01 2.299313749246068994e+02
5.844761131633631202e-01 2.254151909922572656e+02
5.898896425508499686e-01 2.209711483126347957e+02
5.953533130814370189e-01 2.165939783861782360e+02
6.008675891719686968e-01 2.122870042496424219e+02
6.064329395408061263e-01 2.080544325656973967e+02
6.120498372476697035e-01 2.039000733563730421e+02
6.177187597338494873e-01 1.998273580202941559e+02
6.234401888627864041e-01 1.958389087429605695e+02
6.292146109610343707e-01 1.919329134648052673e+02
6.350425168595962289e-01 1.881053866798505680e+02
6.409244019356450384e-01 1.843525368985575597e+02
6.468607661546327270e-01 1.806707808805356876e+02
6.528521141127847649e-01 1.770567345123442919e+02
6.588989550799949635e-01 1.735074373570231785e+02
6.650018030431118499e-01 1.700219571370382425e+02
6.711611767496279413e-01 1.666002600162298108e+02
6.773775997517751390e-01 1.632422531413158708e+02
6.836516004510237998e-01 1.599477817413505250e+02
6.899837121430018039e-01 1.567166325619916165e+02
6.963744730628221857e-01 1.535485371078794969e+02
7.028244264308345368e-01 1.504429257742679340e+02
7.093341204987996251e-01 1.473984405119997234e+02
7.159041085964887863e-01 1.444136140475783350e+02
7.225349491787214085e-01 1.414870249675845173e+02
7.292272058728312967e-01 1.386172961463358604e+02
7.359814475265763489e-01 1.358030932306873808e+02
7.427982482564918776e-01 1.330431231796248994e+02
7.496781874966876869e-01 1.303361347869582687e+02
7.566218500481054487e-01 1.276810388146224682e+02
7.636298261282241651e-01 1.250769665945281446e+02
7.707027114212295915e-01 1.225230768855860646e+02
7.778411071286490674e-01 1.200185374820538442e+02
7.850456200204509738e-01 1.175625252831994629e+02
7.923168624866253618e-01 1.151542263556013808e+02
7.996554525892346499e-01 1.127928359883116514e+02
8.070620141149499327e-01 1.104775587410981785e+02
8.145371766280745662e-01 1.082076084859866114e+02
8.220815755240540312e-01 1.059822022581088419e+02
8.296958520834906148e-01 1.038005301850520112e+02
8.373806535266489215e-01 1.016617817767462810e+02
8.451366330684713102e-01 9.956516039401122953e+01
8.529644499741024788e-01 9.750988306274608419e+01
8.608647696149244188e-01 9.549518026501429802e+01
8.688382635251183927e-01 9.352029573275382290e+01
8.768856094587426098e-01 9.158448624409309957e+01
8.850074914473438081e-01 8.968702142225448881e+01
8.932045998580968593e-01 8.782718353702058778e+01
9.014776314524917122e-01 8.600426730874542613e+01
9.098272894455557980e-01 8.421757971488881367e+01
9.182542835656282154e-01 8.246643984853885456e+01
9.267593301146883622e-01 8.075017950143205780e+01
9.353431520292386780e-01 7.906814276048045542e+01
9.440064789417603741e-01 7.741968511562957644e+01
9.527500472427290479e-01 7.580417326289193625e+01
9.615746001432096124e-01 7.422098493173085387e+01
9.704808877380306509e-01 7.266950871458318773e+01
9.794696670695395291e-01 7.114914389850731880e+01
9.885417021919573610e-01 6.965930029894066422e+01
9.976977642363201726e-01 6.819939809555384613e+01
1.006938631476027135e+00 6.676886767018531543e+01
1.016265089392995202e+00 6.536714944684112538e+01
1.025677930744421928e+00 6.399369373374641157e+01
1.035177955630176339e+00 6.264796056743023200e+01
1.044765971560804196e+00 6.132941955883138974e+01
1.054442793526168431e+00 6.003754974140654355e+01
1.064209244064724613e+00 5.877183942122686489e+01
1.074066153333433471e+00 5.753178603310929873e+01
1.084014359178330889e+00 5.631689605174459246e+01
1.094054707205742494e+00 5.512668482834443040e+01
1.104188050854160164e+00 5.396067639867516874e+01
1.114415251466788215e+00 5.281840334196583342e+01
1.124737178364751955e+00 5.169940664305202915e+01
1.135154708920999012e+00 5.060323555637323523e+01
1.145668728634871458e+00 4.952944747181071961e+01
1.156280131207375383e+00 4.847760778234783174e+01
1.166989818617147456e+00 4.744728975353548606e+01
1.177798701197119158e+00 4.643807439474969101e+01
1.188707697711903322e+00 4.544955033222051810e+01
1.199717735435884336e+00 4.448131368381948647e+01
1.210829750232039315e+00 4.353296793558684641e+01
1.222044686631488686e+00 4.260412381998244058e+01
1.233363497913775975e+00 4.169439919584517895e+01
1.244787146187906091e+00 4.080341893004107590e+01
1.256316602474120137e+00 3.993081478078673285e+01
1.267952846786433829e+00 3.907622528262943007e+01
1.279696868215941530e+00 3.823929563306794677e+01
1.291549665014884107e+00 3.741967758079712070e+01
1.303512244681508836e+00 3.661702931555921481e+01
1.315585624045703783e+00 3.583101535957370487e+01
1.327770829355429116e+00 3.506130643083059795e+01
1.340068896363950657e+00 3.430757927827137621e+01
1.352480870417875458e+00 3.356951665971752874e+01
1.365007806546013835e+00 3.284680725811386282e+01
1.377650769549053633e+00 3.213914558007700606e+01
1.390410834090069603e+00 3.144623185595898462e+01
1.403289084785873220e+00 3.076777194140755611e+01
1.416286616299198720e+00 3.010347722040720342e+01
1.429404533431761104e+00 2.945306450978208801e+01
1.442643951218157250e+00 2.881625596514558652e+01
1.456005995020648536e+00 2.819277898827825979e+01
1.469491800624817213e+00 2.758236613591790132e+01
1.483102514336104516e+00 2.698475502994454800e+01
1.496839293077255606e+00 2.639968826894322618e+01
1.510703304486654019e+00 2.582691334112912429e+01
1.524695727017572944e+00 2.526618253861738950e+01
1.538817750038346421e+00 2.471725287302121288e+01
1.553070573933460041e+00 2.417988599236269920e+01
1.567455410205595090e+00 2.365384809927888909e+01
1.581973481578599960e+00 2.313890987050789860e+01
1.596626022101425235e+00 2.263484637763866658e+01
1.611414277253019778e+00 2.214143700910798529e+01
1.626339504048192275e+00 2.165846539342983945e+01
1.641402971144466427e+00 2.118571932364007182e+01
1.656605958949913582e+00 2.072299068163685831e+01
1.671949759731990115e+00 2.027007525564631152e+01
1.687435677727375793e+00 1.982677259801158343e+01
1.703065029252844420e+00 1.939288614224131990e+01
1.718839142817145671e+00 1.896822315253140445e+01
1.734759359233930764e+00 1.855259465376375161e+01
1.750827031735725070e+00 1.814581536267225914e+01
1.767043526088946548e+00 1.774770362015974712e+01
1.783410220710007987e+00 1.735808132474843291e+01
1.799928506782476401e+00 1.697677386714827463e+01
1.816599788375326652e+00 1.660361006592617272e+01
1.833425482562290654e+00 1.623842210426047217e+01
1.850407019542302134e+00 1.588104546776457227e+01
1.867545842761076047e+00 1.553131888336368682e+01
1.884843409033795325e+00 1.518908425920962557e+01
1.902301188668943821e+00 1.485418662561786007e+01
1.919920665593284781e+00 1.452647407701179638e+01
1.937703337477988841e+00 1.420579771485923359e+01
1.955650715865949074e+00 1.389201159158569432e+01
1.973764326300255334e+00 1.358497265545076971e+01
1.992045708453869191e+00 1.328454069637212420e+01
2.010496416260499242e+00 1.299057829268326003e+01
2.029118018046677907e+00 1.270295075881088920e+01
2.047912096665085446e+00 1.242152609385729711e+01
2.066880249629082122e+00 1.214617493107483881e+01
2.086024089248502911e+00 1.187677048825632475e+01
2.105345242766706093e+00 1.161318852150608194e+01
2.124845352498883067e+00 1.135530727862592570e+01
2.144526075971667556e+00 1.110300744789385163e+01
2.164389086064020251e+00 1.085617211141954819e+01
2.184436071149426173e+00 1.061468669971935164e+01
2.204668735239409649e+00 1.037843894708921155e+01
2.225088798128369572e+00 1.014731884776317550e+01
2.245697995539774006e+00 9.921218612844876716e+00
2.266498079273692845e+00 9.700032628000238688e+00
2.287490817355701811e+00 9.483657411899091727e+00
2.308677994187169791e+00 9.271991575393858653e+00
2.330061410696924629e+00 9.064935781423947958e+00
2.351642884494348440e+00 8.862392705633723722e+00
2.373424250023866033e+00 8.664266997693268024e+00
2.395407358720877067e+00 8.470465243310258074e+00
2.417594079169130605e+00 8.280895926922157813e+00
2.439986297259550074e+00 8.095469395057572015e+00
2.462585916350546800e+00 7.914097820355986634e+00
2.485394857429798599e+00 7.736695166235437071e+00
2.508415059277538717e+00 7.563177152197328112e+00
2.531648478631355559e+00 7.393461219758261649e+00
2.555097090352507205e+00 7.227466498998517785e+00
2.578762887593800901e+00 7.065113775717068556e+00
2.602647881969004651e+00 6.906325459183362270e+00
2.626754103723835776e+00 6.751025549958595384e+00
2.651083601908538867e+00 6.599139580219307355e+00
2.675638444552045137e+00 6.450594571498221796e+00
2.700420718837772682e+00 6.305319048434910201e+00
2.725432531281027693e+00 6.163243012919030761e+00
2.750676007908064769e+00 6.024297914861715064e+00
2.776153294436801033e+00 5.888416623513401227e+00
2.801866556459195134e+00 5.755533399318521148e+00
2.827817979625341316e+00 5.625583866297732882e+00
2.854009769829237264e+00 5.498504984948652030e+00
2.880444153396297668e+00 5.374235025655972109e+00
2.907123377272578413e+00 5.252713542602199581e+00
2.934049709215786894e+00 5.133881348170062253e+00
2.961225437988034503e+00 5.017680487828227953e+00
2.988652873550382782e+00 4.904054215491778557e+00
3.016334347259197468e+00 4.792946969349007880e+00
3.044272212064302874e+00 4.684304348146536512e+00
3.072468842709003667e+00 4.578073087924423135e+00
3.100926635931926523e+00 4.474201039193605567e+00
3.129648010670750491e+00 4.372637144547620203e+00
3.158635408267818967e+00 4.273331416701026342e+00
3.187891292677645705e+00 4.176234916946972575e+00
3.217418150676371713e+00 4.081299734026307746e+00
3.247218492073128626e+00 3.988478963401142163e+00
3.277294849923381825e+00 3.897726686925412576e+00
3.307649780744242651e+00 3.808997952867308801e+00
3.338285864731760810e+00 3.722248754577505370e+00
3.369205705980267140e+00 3.637436010754137250e+00
3.400411932703705897e+00 3.554517549200828519e+00
3.431907197459042713e+00 3.473452088564532581e+00
3.463694177371734462e+00 3.394199220221736812e+00
3.495775574363275240e+00 3.316719390515452393e+00
3.528154115380882860e+00 3.240973883336496719e+00
3.560832552629277892e+00 3.166924803042973302e+00
3.593813663804625858e+00 3.094535057711718995e+00
3.627100252330648367e+00 3.023768342715622559e+00
3.660695147596902288e+00 2.954589124620978779e+00
3.694601205199302463e+00 2.886962625398873161e+00
3.728821307182833777e+00 2.820854806945002569e+00
3.763358362286532532e+00 2.756232355902159536e+00
3.798215306190736218e+00 2.693062668779862001e+00
3.833395101766601254e+00 2.631313837365687469e+00
3.868900739327975735e+00 2.570954634422827567e+00
3.904735236885560123e+00 2.511954499668733742e+00
3.940901640403447814e+00 2.454283526029527707e+00
3.977403024058036696e+00 2.397912446165121114e+00
4.014242490499322358e+00 2.342812619260048468e+00
4.051423171114647559e+00 2.288956018075001264e+00
4.088948226294860433e+00 2.236315216254296523e+00
4.126820845702951601e+00 2.184863375884461334e+00
4.165044248545185290e+00 2.134574235162651767e+00
4.203621683844713353e+00 2.085422091048061422e+00
4.242556430717777438e+00 2.037381786355671132e+00
4.281851798652411389e+00 1.990428705662766085e+00
4.321511127789761986e+00 1.944538764528054076e+00
4.361537789208005833e+00 1.899688398395667832e+00
4.401935185208874834e+00 1.855854551722097456e+00
4.442706749606882610e+00 1.813014667321741324e+00
4.483855948021186144e+00 1.771146675926976943e+00
4.525386278170167031e+00 1.730228985958575771e+00
4.567301270168746541e+00 1.690240473502450103e+00
4.609604486828433600e+00 1.651160472488790942e+00
4.652299523960189198e+00 1.612968765069654475e+00
4.695390010680058346e+00 1.575645572191233690e+00
4.738879609717651320e+00 1.539171544357033961e+00
4.782772017727485725e+00 1.503527752578263321e+00
4.827070965603183161e+00 1.468695679507856955e+00
4.871780218794630635e+00 1.434657210754511025e+00
4.916903577628025879e+00 1.401394626373336783e+00
4.962444877628913176e+00 1.368890592529627748e+00
5.008407989848212338e+00 1.337128153332422853e+00
5.054796821191240852e+00 1.306090722834565732e+00
5.101615314749833985e+00 1.275762077195979227e+00
5.148867450137492696e+00 1.246126347007032065e+00
5.196557243827657047e+00 1.217168009768841319e+00
5.244688749495119318e+00 1.188871882502657629e+00
5.293266058360561743e+00 1.161223113693853559e+00
5.342293299538352080e+00 1.134207176111714732e+00
5.391774640387500206e+00 1.107809860977965410e+00
5.441714286865892980e+00 1.082017271248406409e+00
5.492116483887789613e+00 1.056815814962366984e+00
5.542985515684669018e+00 1.032192198729246391e+00
5.594325706169377632e+00 1.008133421349457937e+00
5.646141419303666531e+00 9.846267675671083186e-01
5.698437059469141808e+00 9.616598019517942353e-01
5.751217071841614015e+00 9.392203629069832971e-01
5.804485942768978113e+00 9.172965568024329386e-01
5.858248200152536000e+00 8.958767522282211626e-01
5.912508413831875309e+00 8.749495743679496229e-01
5.967271195973316900e+00 8.545038994887538264e-01
6.022541201461927507e+00 8.345288495458039746e-01
6.078323128297229871e+00 8.150137868989758561e-01
6.134621717992506440e+00 7.959483091395131993e-01
6.191441755977841410e+00 7.773222440244331732e-01
6.248788072006894012e+00 7.591256445165388556e-01
6.306665540567405692e+00 7.413487839279309100e-01
6.365079081295570873e+00 7.239821511649228158e-01
6.424033659394190465e+00 7.070164460723521449e-01
6.483534286054720930e+00 6.904425748752698322e-01
6.543586018883235766e+00 6.742516457160593335e-01
6.604193962330305645e+00 6.584349641841947820e-01
6.665363268124913532e+00 6.429840260720296463e-01
6.727099135712336420e+00 6.278905130277697699e-01
6.789406812696105575e+00 6.131462920972244879e-01
6.852291595284064840e+00 5.987434118890461177e-01
6.915758828738525210e+00 5.846740986103017290e-01
6.979813907830660469e+00 5.709307521863774548e-01
7.044462277299037289e+00 5.575059424635026017e-01
7.109709432312431687e+00 5.443924054921663869e-01
7.175560918936928267e+00 5.315830398897601894e-01
7.242022334607315592e+00 5.190709032808191736e-01
7.309099328602910894e+00 5.068492088132322548e-01
7.376797602527730646e+00 4.949113217488791960e-01
7.445122910795135773e+00 4.832507561271238150e-01
7.514081061116970162e+00 4.718611714996720496e-01
7.583677914997190683e+00 4.607363697353056287e-01
7.653919388230147725e+00 4.498702918930306272e-01
7.724811451403399865e+00 4.392570151622408603e-01
7.796360130405228794e+00 4.288907498684829123e-01
7.868571506936851812e+00 4.187658365434643315e-01
7.941451719029339884e+00 4.088767430579706708e-01
8.015006961565404708e+00 3.992180618163641559e-01
8.089243486805937522e+00 3.897845070114018262e-01
8.164167604921463095e+00 3.805709119380968342e-01
8.239785684528520449e+00 3.715722263653914448e-01
8.316104153230961415e+00 3.627835141143115338e-01
8.393129498166365110e+00 3.541999543899942982e-01
8.470868266557403103e+00 3.458168392324882934e-01
8.549327066268375575e+00 3.376295666341723734e-01
8.628512566366895342e+00 3.296336379929762361e-01
8.708431497690723333e+00 3.218246558512108946e-01
8.789090653419954435e+00 3.141983216821572777e-01
8.870496889654402750e+00 3.067504337234651102e-01
8.952657125996392296e+00 2.994768848564040575e-01
9.035578346138930073e+00 2.923736605300402136e-01
9.119267598459298796e+00 2.854368367294339293e-01
9.203731996618220279e+00 2.786625779869519870e-01
9.288978720164497105e+00 2.720471354358324767e-01
9.375015015145288899e+00 2.655868449051351776e-01
9.461848194722001892e+00 2.592781250552362304e-01
9.549485639791965852e+00 2.531174755530349318e-01
9.637934799615786474e+00 2.471014752860733465e-01
9.727203192450536662e+00 2.412267806147634364e-01
9.817298406188841753e+00 2.354901236619440785e-01
9.908228099003798306e+00 2.298883106390093300e-01
1.000000000000000000e+01 2.244182202078454091e-01
