1.000000000000000021e-03 3.998759727099343309e+03
1.009262190987047277e-03 4.032861095688119804e+03
1.018610170155975336e-03 4.067199758473005659e+03
1.028044732093309679e-03 4.101777780824642832e+03
1.037566678745185890e-03 4.136597237498635877e+03
1.047176819485520164e-03 4.171660215037447415e+03
1.056875971184803890e-03 4.206968806057292568e+03
1.066664958279538774e-03 4.242525115564304542e+03
1.076544612842315982e-03 4.278331255532258183e+03
1.086515774652538433e-03 4.314389348292463183e+03
1.096579291267809871e-03 4.350701522536683115e+03
1.106736018095973379e-03 4.387269917786862607e+03
1.116986818467822530e-03 4.424096680325896159e+03
1.127332563710487130e-03 4.461183964699265744e+03
1.137774133221491381e-03 4.498533931950951228e+03
1.148312414543511137e-03 4.536148752231452818e+03
1.158948303439810527e-03 4.574030601057988861e+03
1.169682703970384603e-03 4.612181662265506020e+03
1.180516528568805639e-03 4.650604125082989412e+03
1.191450698119775895e-03 4.689300185257187877e+03
1.202486142037412220e-03 4.728272044300731068e+03
1.213623798344240588e-03 4.767521909219337431e+03
1.224864613750930708e-03 4.807051992479093315e+03
1.236209543736769200e-03 4.846864511465263604e+03
1.247659552630869806e-03 4.886961688174472329e+03
1.259215613694150996e-03 4.927345748948165237e+03
1.270878709202058216e-03 4.968018923985925539e+03
1.282649830528059809e-03 5.008983445746855978e+03
1.294529978227915981e-03 5.050241551903738582e+03
1.306520162124721234e-03 5.091795481561094675e+03
1.318621401394748458e-03 5.133647476358698441e+03
1.330834724654074734e-03 5.175799780764849856e+03
1.343161170046015297e-03 5.218254640021586965e+03
1.355601785329368925e-03 5.261014300236533018e+03
1.368157627967471913e-03 5.304081008204573664e+03
1.380829765218092317e-03 5.347457013124588229e+03
1.393619274224142113e-03 5.391144560051258850e+03
1.406527242105236331e-03 5.435145897980103655e+03
1.419554766050101563e-03 5.479463270869169719e+03
1.432702953409831009e-03 5.524098923007109988e+03
1.445972921792019680e-03 5.569055096819100982e+03
1.459365799155756122e-03 5.614334032582476539e+03
1.472882723907501879e-03 5.659937965027515929e+03
1.486524844997857194e-03 5.705869128606334016e+03
1.500293322019218348e-03 5.752129749722260385e+03
1.514189325304352018e-03 5.798722053639829028e+03
1.528214036025869315e-03 5.845648259586117092e+03
1.542368646296628969e-03 5.892910579966530349e+03
1.556654359271062099e-03 5.940511221286639739e+03
1.571072389247450424e-03 5.988452383811841173e+03
1.585623961771137104e-03 6.036736259880452053e+03
1.600310313738700137e-03 6.085365032229004100e+03
1.615132693503091351e-03 6.134340877316886690e+03
1.630092360979741193e-03 6.183665960904308122e+03
1.645190587753662514e-03 6.233342439304338768e+03
1.660428657187529473e-03 6.283372455876429740e+03
1.675807864530767148e-03 6.333758146352957738e+03
1.691329517029648791e-03 6.384501632097725633e+03
1.706994934038407906e-03 6.435605022114395979e+03
1.722805447131393972e-03 6.487070412203565866e+03
1.738762400216250364e-03 6.538899883409526410e+03
1.754867149648150224e-03 6.591095502917262820e+03
1.771121064345088569e-03 6.643659322597679420e+03
1.787525525904235402e-03 6.696593375892136464e+03
1.804081928719382779e-03 6.749899682142245183e+03
1.820791680099462413e-03 6.803580239977223755e+03
1.837656200388170478e-03 6.857637030812763442e+03
1.854676923084699371e-03 6.912072016346166492e+03
1.871855294965579265e-03 6.966887139343561103e+03
1.889192776207666326e-03 7.022084319247414896e+03
1.906690840512251977e-03 7.077665454528523696e+03
1.924350975230330321e-03 7.133632421416018587e+03
1.942174681489026522e-03 7.189987071706643292e+03
1.960163474319185500e-03 7.246731233468072787e+03
1.978318882784164089e-03 7.303866709014162552e+03
1.996642450109793483e-03 7.361395274709022488e+03
2.015135733815558595e-03 7.419318678852378071e+03
2.033800305846981960e-03 7.477638642368880937e+03
2.052637752709252084e-03 7.536356859049686136e+03
2.071649675602069141e-03 7.595474987351344680e+03
2.090837690555750073e-03 7.654994660046178069e+03
2.110203428568596575e-03 7.714917476904954128e+03
2.129748535745521181e-03 7.775245002887848386e+03
2.149474673437980470e-03 7.835978771063320892e+03
2.169383518385184159e-03 7.897120277341598012e+03
2.189476762856620851e-03 7.958670985598945663e+03
2.209756114795903038e-03 8.020632319050579099e+03
2.230223297965938743e-03 8.083005663433755217e+03
2.250880052095461867e-03 8.145792369248091745e+03
2.271728133026905232e-03 8.208993740700339913e+03
2.292769312865648810e-03 8.272611046462663580e+03
2.314005380130654006e-03 8.336645509600075457e+03
2.335438139906479207e-03 8.401098311279583868e+03
2.357069413996727789e-03 8.465970588131180193e+03
2.378901041078893431e-03 8.531263429201984763e+03
2.400934876860651764e-03 8.596977879762678640e+03
2.423172794237600514e-03 8.663114936108704569e+03
2.445616683452446396e-03 8.729675544848052596e+03
2.468268452255692556e-03 8.796660602031304734e+03
2.491130026067788373e-03 8.864070954157863525e+03
2.514203348142796720e-03 8.931907394190624473e+03
2.537490379733571728e-03 9.000170660274636248e+03
2.560993100258459210e-03 9.068861436196692011e+03
2.584713507469563968e-03 9.137980351062804402e+03
2.608653617622547997e-03 9.207527974564085525e+03
2.632815465648019864e-03 9.277504818105258892e+03
2.657201105324506589e-03 9.347911333866686618e+03
2.681812609453015830e-03 9.418747912954575440e+03
2.706652070033241288e-03 9.490014882588186083e+03
2.731721598441376204e-03 9.561712505819918078e+03
2.757023325609582638e-03 9.633840985650203947e+03
2.782559402207125665e-03 9.706400450949391598e+03
2.808331998823172457e-03 9.779390968999810866e+03
2.834343306151309184e-03 9.852812536040171835e+03
2.860595535175741895e-03 9.926665077200816086e+03
2.887090917359234725e-03 1.000094844851950074e+04
2.913831704832788461e-03 1.007566242968868210e+04
2.940820170587063812e-03 1.015080672898970442e+04
2.968058608665602276e-03 1.022638097763982296e+04
2.995549334359812969e-03 1.030238472930618445e+04
3.023294684405776565e-03 1.037881746217976979e+04
3.051297017182870702e-03 1.045567857029518927e+04
3.079558712914226386e-03 1.053296737004884199e+04
3.108082173869063970e-03 1.061068309402662817e+04
3.136869824566876613e-03 1.068882489132358569e+04
3.165924111983520629e-03 1.076739182456855269e+04
3.195247505759213607e-03 1.084638287268458953e+04
3.224842498408442022e-03 1.092579692289730519e+04
3.254711605531848163e-03 1.100563277556662979e+04
3.284857366030043482e-03 1.108588913810059603e+04
3.315282342319423366e-03 1.116656462736138201e+04
3.345989120549974685e-03 1.124765776576560893e+04
3.376980310825091272e-03 1.132916698110435573e+04
3.408258547423452002e-03 1.141109060293579751e+04
3.439826489022924580e-03 1.149342686499265619e+04
3.471686818926559247e-03 1.157617390188296304e+04
3.503842245290675859e-03 1.165932974487736465e+04
3.536295501355042614e-03 1.174289232399595858e+04
3.569049345675229679e-03 1.182685946803808110e+04
3.602106562357070083e-03 1.191122889650140132e+04
3.635469961293317630e-03 1.199599822655858952e+04
3.669142378402494038e-03 1.208116496324131003e+04
3.703126675869927026e-03 1.216672650619997694e+04
3.737425742391064371e-03 1.225268014171672803e+04
3.772042493416997554e-03 1.233902304565267877e+04
3.806979871402283930e-03 1.242575227850888950e+04
3.842240846055060884e-03 1.251286478755528697e+04
3.877828414589457214e-03 1.260035740119683214e+04
3.913745601980383668e-03 1.268822683279454759e+04
3.949995461220642823e-03 1.277646967561627207e+04
3.986581073580438943e-03 1.286508240009148358e+04
4.023505548869293034e-03 1.295406135809245097e+04
4.060772025700365266e-03 1.304340277534911183e+04
4.098383671757261509e-03 1.313310275366704627e+04
4.136343684063273698e-03 1.322315726964107853e+04
4.174655289253134671e-03 1.331356217017856034e+04
4.213321743847289226e-03 1.340431317609152393e+04
4.252346334528682263e-03 1.349540587421327291e+04
4.291732378422157684e-03 1.358683572278470274e+04
4.331483223376398663e-03 1.367859804556140443e+04
4.371602248248502090e-03 1.377068803255434977e+04
4.412092863191189804e-03 1.386310073788044247e+04
4.452958509942655727e-03 1.395583107727926836e+04
4.494202662119141725e-03 1.404887383035709354e+04
4.535828825510186679e-03 1.414222363593659429e+04
4.577840538376616412e-03 1.423587499113259946e+04
4.620241371751312651e-03 1.432982225164819829e+04
4.663034929742731517e-03 1.442405962924814594e+04
4.706224849841281720e-03 1.451858119071522378e+04
4.749814803228499978e-03 1.461338085654371753e+04
4.793808495089106961e-03 1.470845240045151695e+04
4.838209664925957609e-03 1.480378944662347385e+04
4.883022086877879774e-03 1.489938546835631496e+04
4.928249570040513054e-03 1.499523378949892322e+04
4.973895958790062848e-03 1.509132758028981516e+04
5.019965133110078880e-03 1.518765985829724559e+04
5.066461008921268640e-03 1.528422348390160914e+04
5.113387538414325764e-03 1.538101116214660215e+04
5.160748710385907809e-03 1.547801544205359096e+04
5.208548550577660197e-03 1.557522871295881123e+04
5.256791122018419048e-03 1.567264320327605492e+04
5.305480525369573805e-03 1.577025098059554148e+04
5.354620899273607876e-03 1.586804395128352735e+04
5.404216420705915298e-03 1.596601385769854460e+04
5.454271305329836186e-03 1.606415227542096909e+04
5.504789807854967333e-03 1.616245061734728552e+04
5.555776222398878077e-03 1.626090012691941592e+04
5.607234882852032802e-03 1.635949187920322038e+04
5.659170163246242738e-03 1.645821678036027151e+04
5.711586478126434545e-03 1.655706556543826082e+04
5.764488282925873605e-03 1.665602879704600491e+04
5.817880074344935690e-03 1.675509686493310437e+04
5.871766390733255264e-03 1.685425998390499080e+04
5.926151812475552276e-03 1.695350819310269071e+04
5.981040962380944001e-03 1.705283135453569412e+04
6.036438506075864248e-03 1.715221915288304808e+04
6.092349152400711350e-03 1.725166109080704700e+04
6.148777653810022850e-03 1.735114649356638984e+04
6.205728806776500406e-03 1.745066450035318485e+04
6.263207452198692356e-03 1.755020407044404783e+04
6.321218475812448445e-03 1.764975397466867071e+04
6.379766808606282015e-03 1.774930280130591564e+04
6.438857427240419345e-03 1.784883894899964071e+04
6.498495354469888304e-03 1.794835062724040108e+04
6.558685659571435525e-03 1.804782585502125585e+04
6.619433458774394430e-03 1.814725246075592077e+04
6.680743915695614224e-03 1.824661807806536672e+04
6.742622241778342337e-03 1.834591014673477548e+04
6.805073696735206880e-03 1.844511590783338033e+04
6.868103588995307790e-03 1.854422240659976160e+04
6.931717276155407136e-03 1.864321648695961630e+04
6.995920165435374691e-03 1.874208479257756335e+04
7.060717714137772563e-03 1.884081376171377269e+04
7.126115430111745405e-03 1.893938962955367242e+04
7.192118872221192789e-03 1.903779842431411089e+04
7.258733650817253240e-03 1.913602596284985702e+04
7.325965428215230023e-03 1.923405785395133717e+04
7.393819919175865889e-03 1.933187949075375946e+04
7.462302891391108146e-03 1.942947605465007291e+04
7.531420165974375344e-03 1.952683250683898586e+04
7.601177617955329896e-03 1.962393358998197800e+04
7.671581176779302368e-03 1.972076382629769068e+04
7.742636826811269413e-03 1.981730751162258093e+04
7.814350607844541483e-03 1.991354871647244727e+04
7.886728615614155974e-03 2.000947128204892579e+04
7.959777002314986222e-03 2.010505881639809741e+04
8.033501977124733739e-03 2.020029469552515366e+04
8.107909806731686611e-03 2.029516205520489893e+04
8.183006815867388886e-03 2.038964379383431151e+04
8.258799387844271284e-03 2.048372256367152295e+04
8.335293965098196367e-03 2.057738077243951557e+04
8.412497049736117685e-03 2.067060057826845878e+04
8.490415204088747059e-03 2.076336388461069146e+04
8.569055051268347975e-03 2.085565234194697041e+04
8.648423275731726215e-03 2.094744733958427969e+04
8.728526623848379545e-03 2.103873000373500327e+04
8.809371904473990364e-03 2.112948119290094473e+04
8.890965989529158939e-03 2.121968149745259143e+04
8.973315814583519498e-03 2.130931123282631961e+04
9.056428379445294677e-03 2.139835043618407508e+04
9.140310748756232812e-03 2.148677886328295790e+04
9.224970052592174410e-03 2.157457598422312003e+04
9.310413487069076066e-03 2.166172097932936231e+04
9.396648314954691300e-03 2.174819273501839780e+04
9.483681866285927423e-03 2.183396983969682697e+04
9.571521538991866265e-03 2.191903058090111881e+04
9.660174799522646544e-03 2.200335293894089773e+04
9.749649183484086420e-03 2.208691458466675249e+04
9.839952296278226679e-03 2.216969287507882109e+04
9.931091813749801447e-03 2.225166484826539818e+04
1.002307548283865382e-02 2.233280722108801638e+04
1.011591112223829761e-02 2.241309638441704374e+04
1.020960662306046561e-02 2.249250839930003349e+04
1.030416994950588035e-02 2.257101899341902390e+04
1.039960913954119694e-02 2.264860355888153208e+04
1.049593230558227772e-02 2.272523714612835829e+04
1.059314763518369971e-02 2.280089446471036717e+04
1.069126339173476041e-02 2.287554987891872224e+04
1.079028791516184124e-02 2.294917740392037376e+04
1.089022962263729889e-02 2.302175070741303716e+04
1.099109700929497280e-02 2.309324310231356139e+04
1.109289864895222737e-02 2.316362755339753130e+04
1.119564319483878218e-02 2.323287667112340205e+04
1.129933938033222257e-02 2.330096271311184682e+04
1.140399601970032428e-02 2.336785758590039040e+04
1.150962200885032385e-02 2.343353284325193817e+04
1.161622632608501869e-02 2.349795969426363808e+04
1.172381803286598467e-02 2.356110899985363358e+04
1.183240627458378644e-02 2.362295128297257179e+04
1.194200028133531911e-02 2.368345672864939115e+04
1.205260936870842549e-02 2.374259519169859414e+04
1.216424293857367930e-02 2.380033620787035397e+04
1.227691047988359145e-02 2.385664899566174427e+04
1.239062156947916271e-02 2.391150247322180076e+04
1.250538587290390795e-02 2.396486526572500588e+04
1.262121314522547319e-02 2.401670572019430256e+04
1.273811323186478488e-02 2.406699192002303607e+04
1.285609606943295853e-02 2.411569170433924228e+04
1.297517168657587490e-02 2.416277267989621396e+04
1.309535020482666991e-02 2.420820225130119798e+04
1.321664183946605169e-02 2.425194763548400442e+04
1.333905690039058692e-02 2.429397589239188528e+04
1.346260579298910395e-02 2.433425395078065412e+04
1.358729901902709820e-02 2.437274863554527110e+04
1.371314717753944860e-02 2.440942670629035274e+04
1.384016096573131502e-02 2.444425488720495559e+04
1.396835117988739702e-02 2.447719990743387461e+04
1.409772871628967028e-02 2.450822854194038882e+04
1.422830457214352591e-02 2.453730765512667494e+04
1.436008984651259909e-02 2.456440424756222274e+04
1.449309574126216547e-02 2.458948550463013817e+04
1.462733356201129965e-02 2.461251885361959648e+04
1.476281471909390332e-02 2.463347201528719233e+04
1.489955072852854404e-02 2.465231306317137933e+04
1.503755321299737706e-02 2.466901049135678841e+04
1.517683390283405299e-02 2.468353327250121947e+04
1.531740463702079870e-02 2.469585093168454114e+04
1.545927736419477720e-02 2.470593361596787145e+04
1.560246414366368677e-02 2.471375216760812691e+04
1.574697714643085930e-02 2.471927820328235975e+04
1.589282865622978005e-02 2.472248419160568665e+04
1.604003107056820032e-02 2.472334353665218441e+04
1.618859690178198543e-02 2.472183066099684584e+04
1.633853877809861299e-02 2.471792109100254675e+04
1.648986944471064753e-02 2.471159154783602571e+04
1.664260176485903714e-02 2.470282003083779273e+04
1.679674872092653051e-02 2.469158591344092565e+04
1.695232341554120392e-02 2.467787002886336268e+04
1.710933907269014329e-02 2.466165476298386420e+04
1.726780903884355886e-02 2.464292414341061522e+04
1.742774678408919031e-02 2.462166393024362333e+04
1.758916590327732482e-02 2.459786170220781059e+04
1.775208011717635190e-02 2.457150694477212528e+04
1.791650327363900411e-02 2.454259113157281536e+04
1.808244934877951612e-02 2.451110780846974740e+04
1.824993244816152521e-02 2.447705266691658471e+04
1.841896680799710861e-02 2.444042362026691990e+04
1.858956679635687462e-02 2.440122086891454092e+04
1.876174691439120440e-02 2.435944696453282450e+04
1.893552179756295348e-02 2.431510686778921445e+04
1.911090621689138028e-02 2.426820799589421949e+04
1.928791508020777715e-02 2.421876026669082785e+04
1.946656343342262341e-02 2.416677613339468735e+04
1.964686646180445473e-02 2.411227061128386413e+04
1.982883949127071249e-02 2.405526129695017153e+04
2.001249798969037194e-02 2.399576837465534481e+04
2.019785756819878278e-02 2.393381461847794708e+04
2.038493398252463201e-02 2.386942537988434560e+04
2.057374313432912619e-02 2.380262856691733396e+04
2.076430107255774690e-02 2.373345461627703844e+04
2.095662399480432980e-02 2.366193644756446156e+04
2.115072824868794582e-02 2.358810941623695180e+04
2.134663033324244244e-02 2.351201124838145552e+04
2.154434690031883232e-02 2.343368197048606089e+04
2.174389475600079988e-02 2.335316382711384358e+04
2.194529086203313509e-02 2.327050118837214541e+04
2.214855233726359396e-02 2.318574045062233563e+04
2.235369645909795339e-02 2.309892992592672454e+04
2.256074066496860375e-02 2.301011972431542381e+04
2.276970255381680075e-02 2.291936162988980868e+04
2.298059988758851049e-02 2.282670896656221521e+04
2.319345059274428855e-02 2.273221646212569613e+04
2.340827276178293267e-02 2.263594010381412954e+04
2.362508465477946434e-02 2.253793699004342125e+04
2.384390470093720321e-02 2.243826518102734190e+04
2.406475150015424322e-02 2.233698354269123593e+04
2.428764382460451773e-02 2.223415159281372689e+04
2.451260062033338433e-02 2.212982934453787675e+04
2.473964100886812817e-02 2.202407715013413326e+04
2.496878428884326609e-02 2.191695554689836354e+04
2.520004993764092191e-02 2.180852510410878313e+04
2.543345761304649510e-02 2.169884627335966798e+04
2.566902715491950482e-02 2.158797924355365831e+04
2.590677858688007415e-02 2.147598379825655866e+04
2.614673211801091940e-02 2.136291918211524899e+04
2.638890814457510448e-02 2.124884396802332049e+04
2.663332725174982069e-02 2.113381593663742751e+04
2.688001021537606006e-02 2.101789195889444454e+04
2.712897800372465751e-02 2.090112788690266461e+04
2.738025177927857698e-02 2.078357845546616227e+04
2.763385290053169824e-02 2.066529718822635914e+04
2.788980292380440970e-02 2.054633631440783938e+04
2.814812360507579908e-02 2.042674669384945082e+04
2.840883690183302474e-02 2.030657775170726018e+04
2.867196497493769772e-02 2.018587741982404987e+04
2.893753019050950351e-02 2.006469208918697404e+04
2.920555512182746588e-02 1.994306656948289310e+04
2.947606255124857189e-02 1.982104405759002475e+04
2.974907547214440673e-02 1.969866611445833769e+04
3.002461709085549324e-02 1.957597264978496605e+04
3.030271082866396390e-02 1.945300191459132475e+04
3.058338032378433297e-02 1.932979050035351975e+04
3.086664943337272954e-02 1.920637334564409684e+04
3.115254223555487950e-02 1.908278374933112354e+04
3.144108303147264555e-02 1.895905338844006110e+04
3.173229634734976018e-02 1.883521234435537917e+04
3.202620693657651924e-02 1.871128913082076906e+04
3.232283978181379330e-02 1.858731072879955173e+04
3.262222009711669701e-02 1.846330262449644943e+04
3.292437333007768724e-02 1.833928885191132940e+04
3.322932516398971470e-02 1.821529203723336468e+04
3.353710152002930406e-02 1.809133344752385165e+04
3.384772855945981235e-02 1.796743304020663709e+04
3.416123268585528200e-02 1.784360951610702978e+04
3.447764054734463873e-02 1.771988037247425018e+04
3.479697903887691429e-02 1.759626195790935162e+04
3.511927530450729279e-02 1.747276952832101597e+04
3.544455673970433457e-02 1.734941730213715709e+04
3.577285099367873145e-02 1.722621851693617646e+04
3.610418597173337130e-02 1.710318548499231110e+04
3.643858983763544751e-02 1.698032964904704204e+04
3.677609101601032882e-02 1.685766163651374882e+04
3.711671819475764744e-02 1.673519131347785151e+04
3.746050032748993175e-02 1.661292783764102205e+04
3.780746663599349189e-02 1.649087970927391143e+04
3.815764661271248137e-02 1.636905482125938033e+04
3.851107002325571127e-02 1.624746050787371678e+04
3.886776690892665420e-02 1.612610359089715166e+04
3.922776758927719321e-02 1.600499042502512202e+04
3.959110266468458816e-02 1.588412694069427562e+04
3.995780301895269365e-02 1.576351868536690927e+04
4.032789982193707434e-02 1.564317086313497384e+04
4.070142453219436490e-02 1.552308837148893690e+04
4.107840889965647113e-02 1.540327583700926152e+04
4.145888496832911274e-02 1.528373764860367737e+04
4.184288507901582493e-02 1.516447798904643423e+04
4.223044187206674571e-02 1.504550086434242439e+04
4.262158829015322975e-02 1.492681013133332272e+04
4.301635758106794882e-02 1.480840952322998419e+04
4.341478330055092288e-02 1.469030267352367264e+04
4.381689931514192587e-02 1.457249313781869023e+04
4.422273980505899565e-02 1.445498441443323645e+04
4.463233926710395011e-02 1.433777996272946439e+04
4.504573251759458330e-02 1.422088321986161463e+04
4.546295469532399269e-02 1.410429761668831634e+04
4.588404126454759258e-02 1.398802659095967465e+04
4.630902801799739038e-02 1.387207360052107470e+04
4.673795107992460840e-02 1.375644213361353468e+04
4.717084690917017209e-02 1.364113571899006274e+04
4.760775230226368254e-02 1.352615793426833261e+04
4.804870439655131720e-02 1.341151241363975350e+04
4.849374067335235350e-02 1.329720285327232341e+04
4.894289896114529387e-02 1.318323301727639773e+04
4.939621743878321036e-02 1.306960674140517222e+04
4.985373463873893352e-02 1.295632793648731786e+04
5.031548945038054332e-02 1.284340059077720434e+04
5.078152112327673218e-02 1.273082877154112066e+04
5.125186927053330260e-02 1.261861662573033573e+04
5.172657387216018920e-02 1.250676838043136195e+04
5.220567527846975420e-02 1.239528834223201375e+04
5.268921421350674511e-02 1.228418089606263493e+04
5.317723177850969263e-02 1.217345050366801115e+04
5.366976945540476163e-02 1.206310170149042096e+04
5.416686911033152113e-02 1.195313909816202795e+04
5.466857299720180585e-02 1.184356737143528881e+04
5.517492376129125992e-02 1.173439126486290661e+04
5.568596444286411790e-02 1.162561558429644901e+04
5.620173848083188234e-02 1.151724519380350284e+04
5.672228971644543288e-02 1.140928501147501993e+04
5.724766239702178822e-02 1.130174000509180041e+04
5.777790117970504208e-02 1.119461518749905190e+04
5.831305113526221579e-02 1.108791561170124442e+04
5.885315775191450605e-02 1.098164636609431727e+04
5.939826693920356032e-02 1.087581256943081098e+04
5.994842503189409116e-02 1.077041936559325404e+04
6.050367879391221199e-02 1.066547191859966915e+04
6.106407542232039631e-02 1.056097540721999940e+04
6.162966255132942134e-02 1.045693501976104199e+04
6.220048825634711537e-02 1.035335594885415776e+04
6.277660105806499857e-02 1.025024338616408022e+04
6.335804992658250478e-02 1.014760251726574643e+04
6.394488428556939497e-02 1.004543851623666160e+04
6.453715401646702154e-02 9.943756540758493429e+03
6.513490946272802729e-02 9.842561726839079711e+03
6.573820143409585259e-02 9.741859183952748936e+03
6.634708121092347533e-02 9.641653990041326324e+03
6.696160054853218802e-02 9.541951186682426851e+03
6.758181168161110641e-02 9.442755774319439297e+03
6.820776732865685421e-02 9.344072707736406301e+03
6.883952069645496441e-02 9.245906891434533463e+03
6.947712548460235893e-02 9.148263175269788917e+03
7.012063589007180853e-02 9.051146350147631892e+03
7.077010661181890039e-02 8.954561143912769694e+03
7.142559285543126357e-02 8.858512217309680636e+03
7.208715033782135684e-02 8.763004160058942944e+03
7.275483529196229149e-02 8.668041487147769658e+03
7.342870447166761905e-02 8.573628635233379100e+03
7.410881515641569439e-02 8.479769959078763350e+03
7.479522515621821188e-02 8.386469728325322649e+03
7.548799281653435778e-02 8.293732124249621847e+03
7.618717702322995444e-02 8.201561236753937919e+03
7.689283720758309515e-02 8.109961061366834656e+03
7.760503335133571434e-02 8.018935496668431369e+03
7.832382599179196769e-02 7.928488341492092331e+03
7.904927622696424072e-02 7.838623292565580414e+03
7.978144572076624474e-02 7.749343942137733393e+03
8.052039670825474060e-02 7.660653775828532162e+03
8.126619200091945994e-02 7.572556170513140387e+03
8.201889499202202893e-02 7.485054392477809415e+03
8.277856966198476885e-02 7.398151595611131597e+03
8.354528058382866551e-02 7.311850819811023939e+03
8.431909292866254790e-02 7.226154989408947586e+03
8.510007247122246266e-02 7.141066911834345774e+03
8.588828559546249353e-02 7.056589276366911690e+03
8.668379930019778912e-02 6.972724653041640522e+03
8.748668120479910493e-02 6.889475491587782926e+03
8.829699955494087205e-02 6.806844120625128198e+03
8.911482322840201531e-02 6.724832746860914085e+03
8.994022174092043687e-02 6.643443454476171610e+03
9.077326525210228925e-02 6.562678204566351269e+03
9.161402457138516364e-02 6.482538834803333884e+03
9.246257116405738608e-02 6.403027059034102422e+03
9.331897715733239451e-02 6.324144467145257295e+03
9.418331534647951531e-02 6.245892524960634546e+03
9.505565920101195776e-02 6.168272574201949283e+03
9.593608287093141618e-02 6.091285832657281389e+03
9.682466119303123619e-02 6.014933394304954163e+03
9.772146969725724330e-02 5.939216229648262924e+03
9.862658461312820424e-02 5.864135186081442953e+03
9.954008287621524120e-02 5.789690988324080536e+03
1.004620421346813092e-01 5.715884239013429578e+03
1.013925407558815273e-01 5.642715419264648517e+03
1.023316578330244891e-01 5.570184889450023547e+03
1.032794731918951492e-01 5.498292889895792541e+03
1.042360673976401170e-01 5.427039541795353216e+03
1.052015217616159015e-01 5.356424848086050588e+03
1.061759183483000080e-01 5.286448694454814358e+03
1.071593399822671072e-01 5.217110850352754824e+03
1.081518702552288075e-01 5.148410970170351902e+03
1.091535935331391094e-01 5.080348594313406466e+03
1.101645949633656973e-01 5.012923150512117900e+03
1.111849604819270948e-01 4.946133955044966569e+03
1.122147768207980290e-01 4.879980214068933492e+03
1.132541315152811451e-01 4.814461025017122665e+03
1.143031129114478600e-01 4.749575378011600151e+03
1.153618101736478552e-01 4.685322157307903581e+03
1.164303132920876810e-01 4.621700142826164665e+03
1.175087130904807486e-01 4.558708011681193057e+03
1.185971012337669467e-01 4.496344339770414081e+03
1.196955702359042834e-01 4.434607603383223250e+03
1.208042134677328877e-01 4.373496180832411483e+03
1.219231251649110781e-01 4.313008354177698493e+03
1.230524004359261625e-01 4.253142310870585789e+03
1.241921352701783332e-01 4.193896145523958694e+03
1.253424265461399456e-01 4.135267861657067442e+03
1.265033720395903893e-01 4.077255373462725856e+03
1.276750704319265795e-01 4.019856507604350099e+03
1.288576213185518016e-01 3.963069005034815291e+03
1.300511252173408572e-01 3.906890522819899161e+03
1.312556835771842845e-01 3.851318635981985608e+03
1.324713987866117382e-01 3.796350839357541645e+03
1.336983741824946670e-01 3.741984549456662535e+03
1.349367140588306480e-01 3.688217106352247356e+03
1.361865236756081288e-01 3.635045775544603202e+03
1.374479092677536596e-01 3.582467749859474679e+03
1.387209780541620863e-01 3.530480151344699607e+03
1.400058382468097606e-01 3.479080033158416882e+03
1.413025990599533765e-01 3.428264381469527962e+03
1.426113707194128222e-01 3.378030117359373435e+03
1.439322644719406574e-01 3.328374098708667134e+03
1.452653925946781333e-01 3.279293122098762069e+03
1.466108684046984467e-01 3.230783924702518107e+03
1.479688062686396188e-01 3.182843186157906075e+03
1.493393216124251910e-01 3.135467530461974093e+03
1.507225309310755434e-01 3.088653527828708775e+03
1.521185517986104740e-01 3.042397696562673900e+03
1.535275028780422601e-01 2.996696504903451569e+03
1.549495039314631728e-01 2.951546372876025998e+03
1.563846758302246120e-01 2.906943674113417728e+03
1.578331405652118047e-01 2.862884737685749315e+03
1.592950212572122881e-01 2.819365849893612449e+03
1.607704421673823714e-01 2.776383256069789240e+03
1.622595287078087145e-01 2.733933162357103811e+03
1.637624074521687179e-01 2.692011737454482500e+03
1.652792061464895546e-01 2.650615114375556459e+03
1.668100537200059019e-01 2.609739392168895392e+03
1.683550802961202297e-01 2.569380637627034503e+03
1.699144172034625921e-01 2.529534886978286522e+03
1.714881969870539202e-01 2.490198147556042841e+03
1.730765534195725930e-01 2.451366399451721009e+03
1.746796215127245644e-01 2.413035597142276856e+03
1.762975375287205715e-01 2.375201671106740378e+03
1.779304389918577312e-01 2.337860529405889338e+03
1.795784647002094947e-01 2.301008059255915668e+03
1.812417547374237659e-01 2.264640128570668821e+03
1.829204504846293766e-01 2.228752587485104414e+03
1.846146946324547511e-01 2.193341269849745458e+03
1.863246311931559818e-01 2.158401994713319255e+03
1.880504055128581486e-01 2.123930567768882156e+03
1.897921642839101308e-01 2.089922782785797608e+03
1.915500555573527997e-01 2.056374423011681756e+03
1.933242287555045347e-01 2.023281262552548469e+03
1.951148346846616477e-01 1.990639067729113322e+03
1.969220255479171566e-01 1.958443598404285240e+03
1.987459549580983809e-01 1.926690609290636530e+03
2.005867779508233861e-01 1.895375851229085583e+03
2.024446509976803865e-01 1.864495072445753294e+03
2.043197320195270505e-01 1.834044019779260680e+03
2.062121803999142355e-01 1.804018439885354837e+03
2.081221569986339281e-01 1.774414080419056972e+03
2.100498241653915299e-01 1.745226691180875832e+03
2.119953457536070951e-01 1.716452025251189980e+03
2.139588871343421628e-01 1.688085840090906686e+03
2.159406152103565402e-01 1.660123898615144526e+03
2.179406984302955930e-01 1.632561970248181069e+03
2.199593068030074872e-01 1.605395831948198747e+03
2.219966119119954895e-01 1.578621269207894102e+03
2.240527869300018293e-01 1.552234077029340142e+03
2.261280066337277295e-01 1.526230060874663877e+03
2.282224474186898555e-01 1.500605037591713653e+03
2.303362873142131284e-01 1.475354836315339071e+03
2.324697059985647851e-01 1.450475299340882884e+03
2.346228848142262458e-01 1.425962282975688368e+03
2.367960067833076165e-01 1.401811658368173312e+03
2.389892566231050230e-01 1.378019312307045084e+03
2.412028207618006903e-01 1.354581148001888778e+03
2.434368873543110434e-01 1.331493085837036915e+03
2.456916462982789984e-01 1.308751064101532393e+03
2.479672892502157722e-01 1.286351039698278100e+03
2.502640096417919069e-01 1.264288988826965806e+03
2.525820026962784515e-01 1.242560907645564612e+03
2.549214654451423256e-01 1.221162812909733930e+03
2.572825967447932016e-01 1.200090742588179864e+03
2.596655972934869827e-01 1.179340756456557756e+03
2.620706696483852682e-01 1.158908936670632784e+03
2.644980182427719706e-01 1.138791388314775986e+03
2.669478494034320804e-01 1.118984239932592345e+03
2.694203713681882495e-01 1.099483644034040708e+03
2.719157943036019098e-01 1.080285777583160780e+03
2.744343303228365394e-01 1.061386842463744188e+03
2.769761935036890721e-01 1.042783065926918425e+03
2.795415999067856205e-01 1.024470701016778548e+03
2.821307675939470627e-01 1.006446026978079999e+03
2.847439166467247706e-01 9.887053496429556390e+02
2.873812691851066470e-01 9.712450018010666781e+02
2.900430493863991877e-01 9.540613435485881837e+02
2.927294835042815735e-01 9.371507626202188703e+02
2.954407998880380082e-01 9.205096747033169322e+02
2.981772290019673588e-01 9.041345237339214691e+02
3.009390034449720974e-01 8.880217821751946303e+02
3.037263579703311511e-01 8.721679512796732752e+02
3.065395295056526637e-01 8.565695613339812553e+02
3.093787571730136632e-01 8.412231718879639857e+02
3.122442823092858033e-01 8.261253719666441384e+02
3.151363484866479547e-01 8.112727802681635012e+02
3.180552015332919757e-01 7.966620453444777468e+02
3.210010895543171650e-01 7.822898457685465701e+02
3.239742629528195583e-01 7.681528902858877927e+02
3.269749744511767919e-01 7.542479179520569232e+02
3.300034791125285305e-01 7.405716982558319614e+02
3.330600343624588455e-01 7.271210312292471372e+02
3.361449000108764906e-01 7.138927475435112910e+02
3.392583382740991804e-01 7.008837085920040408e+02
3.424006137971425390e-01 6.880908065609355617e+02
3.455719936762139399e-01 6.755109644869401109e+02
3.487727474814177331e-01 6.631411363026801382e+02
3.520031472796679162e-01 6.509783068711763008e+02
3.552634676578139139e-01 6.390194920076468179e+02
3.585539857459816848e-01 6.272617384909203793e+02
3.618749812411280464e-01 6.157021240635092454e+02
3.652267364308175446e-01 6.043377574213924390e+02
3.686095362172157608e-01 5.931657781931032787e+02
3.720236681413066071e-01 5.821833569090837273e+02
3.754694224073336639e-01 5.713876949613552370e+02
3.789470919074667821e-01 5.607760245535480408e+02
3.824569722466998889e-01 5.503456086418108271e+02
3.859993617679767230e-01 5.400937408671179583e+02
3.895745615775501047e-01 5.300177454786760336e+02
3.931828755705770173e-01 5.201149772492075272e+02
3.968246104569481680e-01 5.103828213821859094e+02
4.005000757873611317e-01 5.008186934111736264e+02
4.042095839796305823e-01 4.914200390919008896e+02
4.079534503452448835e-01 4.821843342868426134e+02
4.117319931161679269e-01 4.731090848429449238e+02
4.155455334718875515e-01 4.641918264627121289e+02
4.193943955667186474e-01 4.554301245685846311e+02
4.232789065573548948e-01 4.468215741612247598e+02
4.271993966306776858e-01 4.383637996718441059e+02
4.311561990318228399e-01 4.300544548086156738e+02
4.351496500925050026e-01 4.218912223977290523e+02
4.391800892596086081e-01 4.138718142189688365e+02
4.432478591240395782e-01 4.059939708364000239e+02
4.473533054498463057e-01 3.982554614240489741e+02
4.514967772036102001e-01 3.906540835870170554e+02
4.556786265841064054e-01 3.831876631780945672e+02
4.598992090522438514e-01 3.758540541102964880e+02
4.641588833612777520e-01 3.686511381651596366e+02
4.684580115873045458e-01 3.615768247974245355e+02
4.727969591600390542e-01 3.546290509359681096e+02
4.771760948938745805e-01 3.478057807813269164e+02
4.815957910192351088e-01 3.411050055999517099e+02
4.860564232142133845e-01 3.345247435154645359e+02
4.905583706365045371e-01 3.280630392969238756e+02
4.951020159556351330e-01 3.217179641444257641e+02
4.996877453854883799e-01 3.154876154721765147e+02
5.043159487171359201e-01 3.093701166891029857e+02
5.089870193519679953e-01 3.033636169773483857e+02
5.137013543351344191e-01 2.974662910685948987e+02
5.184593543892912493e-01 2.916763390185706157e+02
5.232614239486661489e-01 2.859919859797379900e+02
5.281079711934331122e-01 2.804114819723653795e+02
5.329994080844088211e-01 2.749331016541757435e+02
5.379361503980703008e-01 2.695551440886150090e+02
5.429186177618943177e-01 2.642759325119278060e+02
5.479472336900287344e-01 2.590938140991946170e+02
5.530224256192900478e-01 2.540071597293835737e+02
5.581446249454961039e-01 2.490143637496123006e+02
5.633142670601357649e-01 2.441138437387077715e+02
5.685317913873753071e-01 2.393040402701802805e+02
5.737976414214134291e-01 2.345834166747327458e+02
5.791122647641758769e-01 2.299504588023858389e+02
5.844761131633631202e-01 2.254036747844023978e+02
5.898896425508499686e-01 2.209415947950254235e+02
5.953533130814370189e-01 2.165627708131343354e+02
6.008675891719686968e-01 2.122657763840418568e+02
6.064329395408061263e-01 2.080492063813217669e+02
6.120498372476697035e-01 2.039116767689384346e+02
6.177187597338494873e-01 1.998518243636601142e+02
6.234401888627864041e-01 1.958683065978879370e+02
6.292146109610343707e-01 1.919598012829481775e+02
6.350425168595962289e-01 1.881250063729621615e+02
6.409244019356450384e-01 1.843626397293308230e+02
6.468607661546327270e-01 1.806714388859430471e+02
6.528521141127847649e-01 1.770501608151550386e+02
6.588989550799949635e-01 1.734975816946039231e+02
6.650018030431118499e-01 1.700124966749415307e+02
6.711611767496279413e-01 1.665937196485315326e+02
6.773775997517751390e-01 1.632400830191758985e+02
6.836516004510237998e-01 1.599504374729275469e+02
6.899837121430018039e-01 1.567236517500415971e+02
6.963744730628221857e-01 1.535586124181239427e+02
7.028244264308345368e-01 1.504542236465128155e+02
7.093341204987996251e-01 1.474094069819555273e+02
7.159041085964887863e-01 1.444231011256257773e+02
7.225349491787214085e-01 1.414942617115027303e+02
7.292272058728312967e-01 1.386218610861794502e+02
7.359814475265763489e-01 1.358048880901331188e+02
7.427982482564918776e-01 1.330423478404784987e+02
7.496781874966876869e-01 1.303332615152586982e+02
7.566218500481054487e-01 1.276766661392966284e+02
7.636298261282241651e-01 1.250716143716391286e+02
7.707027114212295915e-01 1.225171742946288020e+02
7.778411071286490674e-01 1.200124292046192949e+02
7.850456200204509738e-01 1.175564774043780858e+02
7.923168624866253618e-01 1.151484319971798129e+02
7.996554525892346499e-01 1.127874206826318328e+02
8.070620141149499327e-01 1.104725855542407231e+02
8.145371766280745662e-01 1.082030828987450661e+02
8.220815755240540312e-01 1.059780829972316667e+02
8.296958520834906148e-01 1.037967699280497555e+02
8.373806535266489215e-01 1.016583413715413116e+02
8.451366330684713102e-01 9.956200841659968148e+01
8.529644499741024788e-01 9.750699536907026754e+01
8.608647696149244188e-01 9.549253956200396942e+01
8.688382635251183927e-01 9.351789116777113975e+01
8.768856094587426098e-01 9.158231301205096031e+01
8.850074914473438081e-01 8.968508038969773111e+01
8.932045998580968593e-01 8.782548088249475882e+01
9.014776314524917122e-01 8.600281417879828894e+01
9.098272894455557980e-01 8.421639189507982337e+01
9.182542835656282154e-01 8.246553739936601346e+01
9.267593301146883622e-01 8.074958563658265120e+01
9.353431520292386780e-01 7.906788295580196291e+01
9.440064789417603741e-01 7.741978693939233835e+01
9.527500472427290479e-01 7.580466623407653515e+01
9.615746001432096124e-01 7.422190038388963274e+01
9.704808877380306509e-01 7.267087966503980567e+01
9.794696670695395291e-01 7.115100492266901711e+01
9.885417021919573610e-01 6.966168740950682547e+01
9.976977642363201726e-01 6.820234862641810025e+01
1.006938631476027135e+00 6.677242016483600651e+01
1.016265089392995202e+00 6.537134355107667716e+01
1.025677930744421928e+00 6.399857009252944806e+01
1.035177955630176339e+00 6.265356072571485413e+01
1.044765971560804196e+00 6.133578586620471640e+01
1.054442793526168431e+00 6.004472526039537428e+01
1.064209244064724613e+00 5.877986783912611202e+01
1.074066153333433471e+00 5.754071157313451579e+01
1.084014359178330889e+00 5.632676333033760585e+01
1.094054707205742494e+00 5.513753873493151758e+01
1.104188050854160164e+00 5.397256202829785821e+01
1.114415251466788215e+00 5.283136593170566897e+01
1.124737178364751955e+00 5.171349151080065809e+01
1.135154708920999012e+00 5.061848804186590911e+01
1.145668728634871458e+00 4.954591287984702319e+01
1.156280131207375383e+00 4.849533132812641867e+01
1.166989818617147456e+00 4.746631651003519181e+01
1.177798701197119158e+00 4.645844924209104931e+01
1.188707697711903322e+00 4.547131790894709269e+01
1.199717735435884336e+00 4.450451834004009299e+01
1.210829750232039315e+00 4.355765368792408054e+01
1.222044686631488686e+00 4.263033430827559300e+01
1.233363497913775975e+00 4.172217764155663389e+01
1.244787146187906091e+00 4.083280809632068298e+01
1.256316602474120137e+00 3.996185693414875573e+01
1.267952846786433829e+00 3.910896215619974470e+01
1.279696868215941530e+00 3.827376839136102404e+01
1.291549665014884107e+00 3.745592678598462300e+01
1.303512244681508836e+00 3.665509489519325115e+01
1.315585624045703783e+00 3.587093657574236261e+01
1.327770829355429116e+00 3.510312188042221493e+01
1.340068896363950657e+00 3.435132695398492331e+01
1.352480870417875458e+00 3.361523393058174491e+01
1.365007806546013835e+00 3.289453083269379619e+01
1.377650769549053633e+00 3.218891147154250376e+01
1.390410834090069603e+00 3.149807534896322281e+01
1.403289084785873220e+00 3.082172756072650088e+01
1.416286616299198720e+00 3.015957870129238216e+01
1.429404533431761104e+00 2.951134476998014478e+01
1.442643951218157250e+00 2.887674707854059619e+01
1.456005995020648536e+00 2.825551216011282918e+01
1.469491800624817213e+00 2.764737167955123098e+01
1.483102514336104516e+00 2.705206234510708896e+01
1.496839293077255606e+00 2.646932582144806290e+01
1.510703304486654019e+00 2.589890864400146953e+01
1.524695727017572944e+00 2.534056213460498341e+01
1.538817750038346421e+00 2.479404231844926798e+01
1.553070573933460041e+00 2.425910984229734524e+01
1.567455410205595090e+00 2.373552989396512558e+01
1.581973481578599960e+00 2.322307212304752255e+01
1.596626022101425235e+00 2.272151056287581739e+01
1.611414277253019778e+00 2.223062355368936238e+01
1.626339504048192275e+00 2.175019366700838575e+01
1.641402971144466427e+00 2.128000763119080219e+01
1.656605958949913582e+00 2.081985625815996599e+01
1.671949759731990115e+00 2.036953437128689259e+01
1.687435677727375793e+00 1.992884073441304693e+01
1.703065029252844420e+00 1.949757798199829395e+01
1.718839142817145671e+00 1.907555255037969744e+01
1.734759359233930764e+00 1.866257461012679997e+01
1.750827031735725070e+00 1.825845799947811798e+01
1.767043526088946548e+00 1.786302015884562167e+01
1.783410220710007987e+00 1.747608206637145400e+01
1.799928506782476401e+00 1.709746817452372269e+01
1.816599788375326652e+00 1.672700634728893476e+01
1.833425482562290654e+00 1.636452779447422401e+01
1.850407019542302134e+00 1.600986700271926821e+01
1.867545842761076047e+00 1.566286166778097311e+01
1.884843409033795325e+00 1.532335262897681361e+01
1.902301188668943821e+00 1.499118380568911135e+01
1.919920665593284781e+00 1.466620213583021126e+01
1.937703337477988841e+00 1.434825751617353440e+01
1.955650715865949074e+00 1.403720274445957727e+01
1.973764326300255334e+00 1.373289346319163151e+01
1.992045708453869191e+00 1.343518810503953276e+01
2.010496416260499242e+00 1.314394783977414427e+01
2.029118018046677907e+00 1.285903652265974628e+01
2.047912096665085446e+00 1.258032064423440666e+01
2.066880249629082122e+00 1.230766928141339811e+01
2.086024089248502911e+00 1.204095404985267237e+01
2.105345242766706093e+00 1.178004905751408593e+01
2.124845352498883067e+00 1.152483085937648433e+01
2.144526075971667556e+00 1.127517841323949810e+01
2.164389086064020251e+00 1.103097303657109940e+01
2.184436071149426173e+00 1.079209836435098069e+01
2.204668735239409649e+00 1.055844030786568943e+01
2.225088798128369572e+00 1.032988701441352930e+01
2.245697995539774006e+00 1.010632882787916387e+01
2.266498079273692845e+00 9.887658250140981764e+00
2.287490817355701811e+00 9.673769903275601934e+00
2.308677994187169791e+00 9.464560492526285174e+00
2.330061410696924629e+00 9.259928770004064447e+00
2.351642884494348440e+00 9.059775499091584194e+00
2.373424250023866033e+00 8.864003419522374472e+00
2.395407358720877067e+00 8.672517213108973166e+00
2.417594079169130605e+00 8.485223470095363041e+00
2.439986297259550074e+00 8.302030656110590101e+00
2.462585916350546800e+00 8.122849079701570219e+00
2.485394857429798599e+00 7.947590860424836201e+00
2.508415059277538717e+00 7.776169897477812398e+00
2.531648478631355559e+00 7.608501838851598364e+00
2.555097090352507205e+00 7.444504050988277832e+00
2.578762887593800901e+00 7.284095588926698284e+00
2.602647881969004651e+00 7.127197166922098148e+00
2.626754103723835776e+00 6.973731129525132744e+00
2.651083601908538867e+00 6.823621423107523398e+00
2.675638444552045137e+00 6.676793567821806441e+00
2.700420718837772682e+00 6.533174629983601989e+00
2.725432531281027693e+00 6.392693194865735506e+00
2.750676007908064769e+00 6.255279339893943025e+00
2.776153294436801033e+00 6.120864608234684034e+00
2.801866556459195134e+00 5.989381982766210477e+00
2.827817979625341316e+00 5.860765860424350215e+00
2.854009769829237264e+00 5.734952026915538958e+00
2.880444153396297668e+00 5.611877631789336185e+00
2.907123377272578413e+00 5.491481163864016857e+00
2.934049709215786894e+00 5.373702426998314685e+00
2.961225437988034503e+00 5.258482516203659252e+00
2.988652873550382782e+00 5.145763794091042342e+00
3.016334347259197468e+00 5.035489867647171991e+00
3.044272212064302874e+00 4.927605565335044346e+00
3.072468842709003667e+00 4.822056914513899173e+00
3.100926635931926523e+00 4.718791119174600368e+00
3.129648010670750491e+00 4.617756537985727050e+00
3.158635408267818967e+00 4.518902662646762991e+00
3.187891292677645705e+00 4.422180096544667371e+00
3.217418150676371713e+00 4.327540534071992795e+00
3.247218492073128626e+00 4.234936744774588036e+00
3.277294849923381825e+00 4.144322564290661148e+00
3.307649780744242651e+00 4.055652885831334764e+00
3.338285864731760810e+00 3.968883650451072498e+00
3.369205705980267140e+00 3.883971836182514181e+00
3.400411932703705897e+00 3.800875446134332147e+00
3.431907197459042713e+00 3.719553495645467667e+00
3.463694177371734462e+00 3.639965998584524520e+00
3.495775574363275240e+00 3.562073952878320959e+00
3.528154115380882860e+00 3.485839325349205264e+00
3.560832552629277892e+00 3.411225035936549244e+00
3.593813663804625858e+00 3.338194941373489932e+00
3.627100252330648367e+00 3.266713818386339341e+00
3.660695147596902288e+00 3.196747346480103946e+00
3.694601205199302463e+00 3.128262090369836379e+00
3.728821307182833777e+00 3.061225482114480645e+00
3.763358362286532532e+00 2.995605803005934042e+00
3.798215306190736218e+00 2.931372165263344876e+00
3.833395101766601254e+00 2.868494493579378357e+00
3.868900739327975735e+00 2.806943506562175283e+00
3.904735236885560123e+00 2.746690698114194085e+00
3.940901640403447814e+00 2.687708318786121264e+00
3.977403024058036696e+00 2.629969357141670905e+00
4.014242490499322358e+00 2.573447521166619012e+00
4.051423171114647559e+00 2.518117219752946223e+00
4.088948226294860433e+00 2.463953544286925812e+00
4.126820845702951601e+00 2.410932250367666896e+00
4.165044248545185290e+00 2.359029739680708282e+00
4.203621683844713353e+00 2.308223042049319496e+00
4.242556430717777438e+00 2.258489797684181788e+00
4.281851798652411389e+00 2.209808239650603134e+00
4.321511127789761986e+00 2.162157176570509876e+00
4.361537789208005833e+00 2.115515975575018803e+00
4.401935185208874834e+00 2.069864545521879595e+00
4.442706749606882610e+00 2.025183320490506755e+00
4.483855948021186144e+00 1.981453243566183131e+00
4.525386278170167031e+00 1.938655750923557575e+00
4.567301270168746541e+00 1.896772756218395140e+00
4.609604486828433600e+00 1.855786635295439746e+00
4.652299523960189198e+00 1.815680211219043771e+00
4.695390010680058346e+00 1.776436739632355488e+00
4.738879609717651320e+00 1.738039894449708411e+00
4.782772017727485725e+00 1.700473753886110106e+00
4.827070965603183161e+00 1.663722786826753675e+00
4.871780218794630635e+00 1.627771839538680432e+00
4.916903577628025879e+00 1.592606122726081930e+00
4.962444877628913176e+00 1.558211198929856822e+00
5.008407989848212338e+00 1.524572970271466099e+00
5.054796821191240852e+00 1.491677666540553560e+00
5.101615314749833985e+00 1.459511833625045440e+00
5.148867450137492696e+00 1.428062322282167340e+00
5.196557243827657047e+00 1.397316277248043859e+00
5.244688749495119318e+00 1.367261126683291472e+00
5.293266058360561743e+00 1.337884571951483581e+00
5.342293299538352080e+00 1.309174577726959887e+00
5.391774640387500206e+00 1.281119362428170927e+00
5.441714286865892980e+00 1.253707388972330694e+00
5.492116483887789613e+00 1.226927355846920698e+00
5.542985515684669018e+00 1.200768188493188893e+00
5.594325706169377632e+00 1.175219030996718761e+00
5.646141419303666531e+00 1.150269238079739909e+00
5.698437059469141808e+00 1.125908367220606721e+00
5.751217071841614015e+00 1.102126168108444215e+00
5.804485942768978113e+00 1.078912567000280598e+00
5.858248200152536000e+00 1.056257650815818572e+00
5.912508413831875309e+00 1.034151652821392986e+00
5.967271195973316900e+00 1.012584939835184272e+00
6.022541201461927507e+00 9.915480008422385971e-01
6.078323128297229871e+00 9.710314369140888857e-01
6.134621717992506440e+00 9.510259523340112153e-01
6.191441755977841410e+00 9.315223468345813496e-01
6.248788072006894012e+00 9.125115088597576252e-01
6.306665540567405692e+00 8.939844097689481073e-01
6.365079081295570873e+00 8.759320989054401041e-01
6.424033659394190465e+00 8.583456994563483100e-01
6.483534286054720930e+00 8.412164050356502054e-01
6.543586018883235766e+00 8.245354769262025485e-01
6.604193962330305645e+00 8.082942419206097240e-01
6.665363268124913532e+00 7.924840907046791783e-01
6.727099135712336420e+00 7.770964767308536914e-01
6.789406812696105575e+00 7.621229155323894222e-01
6.852291595284064840e+00 7.475549844323785553e-01
6.915758828738525210e+00 7.333843226047805919e-01
6.979813907830660469e+00 7.196026314475403307e-01
7.044462277299037289e+00 7.062016752306727874e-01
7.109709432312431687e+00 6.931732819847945537e-01
7.175560918936928267e+00 6.805093445980562317e-01
7.242022334607315592e+00 6.682018220917924634e-01
7.309099328602910894e+00 6.562427410473784528e-01
7.376797602527730646e+00 6.446241971589364850e-01
7.445122910795135773e+00 6.333383568884084491e-01
7.514081061116970162e+00 6.223774592014689189e-01
7.583677914997190683e+00 6.117338173644271127e-01
7.653919388230147725e+00 6.013998207839393872e-01
7.724811451403399865e+00 5.913679368729122254e-01
7.796360130405228794e+00 5.816307129274351784e-01
7.868571506936851812e+00 5.721807780009039446e-01
7.941451719029339884e+00 5.630108447628694446e-01
8.015006961565404708e+00 5.541137113312507578e-01
8.089243486805937522e+00 5.454822630677744755e-01
8.164167604921463095e+00 5.371094743274914540e-01
8.239785684528520449e+00 5.289884101542619010e-01
8.316104153230961415e+00 5.211122279149850156e-01
8.393129498166365110e+00 5.134741788662513517e-01
8.470868266557403103e+00 5.060676096478734509e-01
8.549327066268375575e+00 4.988859636985267243e-01
8.628512566366895342e+00 4.919227825894034734e-01
8.708431497690723333e+00 4.851717072724669455e-01
8.789090653419954435e+00 4.786264792404537061e-01
8.870496889654402750e+00 4.722809415963848401e-01
8.952657125996392296e+00 4.661290400308039095e-01
9.035578346138930073e+00 4.601648237054870583e-01
9.119267598459298796e+00 4.543824460427831058e-01
9.203731996618220279e+00 4.487761654201480876e-01
9.288978720164497105e+00 4.433403457698246730e-01
9.375015015145288899e+00 4.380694570839477331e-01
9.461848194722001892e+00 4.329580758256571515e-01
9.549485639791965852e+00 4.280008852471027803e-01
9.637934799615786474e+00 4.231926756154709146e-01
9.727203192450536662e+00 4.185283443483962529e-01
9.817298406188841753e+00 4.140028960603210351e-01
9.908228099003798306e+00 4.096114425215847676e-01
1.000000000000000000e+01 4.053492025321382419e-01
