# Triangle Configuration is k x [-0.025  0.     1.   ], [0.05 0.   0.  ]
# k	 Btree	 Btreenw	 BZel	 BZelnw	 Bloop	 Bloopnw\ Bdamped
1.000000000000000021e-02 4.521389571965711564e+07 4.709160451386805624e+07 4.505393064329753816e+07 4.692537899931320548e+07 4.506586276597306877e+07 4.693741544296808541e+07 4.521391521624758840e+07
1.250000000000000069e-02 5.983596119522015005e+07 6.210016866512989253e+07 5.959661991473869979e+07 6.185236560564722866e+07 5.953494884625412524e+07 6.178773394029600918e+07 5.983590600276984274e+07
1.500000000000000118e-02 7.316797334438736737e+07 7.559428751235094666e+07 7.262636547969493270e+07 7.503394846640259027e+07 7.264766226026563346e+07 7.505672857868111134e+07 7.316678744080191851e+07
1.750000000000000167e-02 8.467197318469405174e+07 8.692357137112075090e+07 8.386569206148043275e+07 8.609576568210273981e+07 8.386902021836894751e+07 8.609965592354696989e+07 8.466635134906308353e+07
2.000000000000000389e-02 9.408019958769708872e+07 9.584318836645618081e+07 9.297598302591247857e+07 9.472045738240014017e+07 9.294096612114937603e+07 9.468417769702187181e+07 9.406456343659307063e+07
2.250000000000000264e-02 1.013021246236189306e+08 1.024359162782621384e+08 9.979614231993363798e+07 1.009167796302551776e+08 9.978787668619425595e+07 1.009084415430610329e+08 1.012716893299408853e+08
2.500000000000000139e-02 1.064255125434546471e+08 1.070640922762803137e+08 1.045284390058590174e+08 1.051619145574775636e+08 1.045146650794764161e+08 1.051479429779973626e+08 1.063807577989278883e+08
2.750000000000000361e-02 1.096837964526092112e+08 1.102683816392348558e+08 1.074113095940006226e+08 1.079916409736759067e+08 1.073712724439139068e+08 1.079505516522053480e+08 1.096343453271264434e+08
3.000000000000000583e-02 1.114299727222647965e+08 1.124830796847496778e+08 1.087594316006117612e+08 1.097917092949635834e+08 1.087232463743359745e+08 1.097545437073607296e+08 1.113937097246014178e+08
3.250000000000000805e-02 1.120482650047949255e+08 1.140044931685163677e+08 1.090044340476208627e+08 1.109021836787735224e+08 1.089623015470235050e+08 1.108586763053592891e+08 1.120478970540734380e+08
3.500000000000000333e-02 1.118631879226469100e+08 1.150179174562538862e+08 1.084799610535479188e+08 1.115161539682522565e+08 1.084171735868915617e+08 1.114505800564137399e+08 1.119233155013653040e+08
3.750000000000000555e-02 1.112405717194156498e+08 1.156363818295845836e+08 1.075185437938019782e+08 1.117187288418281078e+08 1.074500462167559564e+08 1.116458093971030563e+08 1.113798281779657751e+08
4.000000000000000777e-02 1.104778954751102179e+08 1.159310575758112520e+08 1.064269804691221416e+08 1.116010988672723323e+08 1.063500189028381705e+08 1.115179869865829498e+08 1.107045251876402199e+08
4.250000000000000999e-02 1.097753539661068320e+08 1.159503401494078189e+08 1.054005971614467204e+08 1.112207636636863351e+08 1.053080608995253295e+08 1.111185954100277126e+08 1.100856966376216114e+08
4.500000000000000527e-02 1.092690576007884890e+08 1.157304644385121316e+08 1.045559761808664501e+08 1.106050728235151321e+08 1.044492391781167090e+08 1.104864116841352135e+08 1.096463248780036718e+08
4.750000000000000749e-02 1.090506364546330422e+08 1.153009778044730276e+08 1.039710181994195431e+08 1.097845431607380658e+08 1.038539037950645238e+08 1.096539162627028227e+08 1.094640428324963003e+08
5.000000000000000971e-02 1.091640498863676637e+08 1.146874147238109708e+08 1.036902710263175666e+08 1.087983738290358633e+08 1.035549534259741455e+08 1.086488713245133460e+08 1.095696259255286306e+08
5.250000000000001193e-02 1.095694970830237865e+08 1.139125542797490209e+08 1.036664549121459126e+08 1.076668505842812061e+08 1.035073934528635591e+08 1.074959662953501791e+08 1.099159616481187344e+08
5.500000000000001416e-02 1.102020696577051878e+08 1.129970017141118944e+08 1.038225127286816537e+08 1.064014282682789266e+08 1.036455477606794089e+08 1.062183496336989701e+08 1.104342958988779634e+08
5.750000000000000944e-02 1.109552243019271940e+08 1.119594676322180480e+08 1.040733004788533151e+08 1.050385749140063375e+08 1.038673470453940630e+08 1.048356012095855176e+08 1.110207871744548231e+08
6.000000000000001166e-02 1.117072915428514481e+08 1.108169236137338579e+08 1.043001268414238840e+08 1.035885503414496779e+08 1.040618972065552324e+08 1.033659939591601789e+08 1.115620248593551368e+08
6.250000000000001388e-02 1.123263562792045027e+08 1.095847144693678766e+08 1.043839744414691627e+08 1.020633327871559113e+08 1.041143088766638339e+08 1.018262932806532085e+08 1.119403356698412001e+08
6.500000000000000222e-02 1.126848063195751458e+08 1.082766601990296394e+08 1.042229273346353322e+08 1.004833572232386619e+08 1.039182542828674912e+08 1.002307146491825432e+08 1.120471752683228701e+08
6.750000000000000444e-02 1.126724858210273832e+08 1.069051588265625834e+08 1.037278810721551478e+08 9.885944238436947763e+07 1.033880769784100354e+08 9.859219749378374219e+07 1.117944703959499002e+08
7.000000000000000666e-02 1.122055589956297725e+08 1.054812918335162848e+08 1.028355006941634417e+08 9.719957176281480491e+07 1.024652956179143637e+08 9.692227702177818120e+07 1.111214799086808860e+08
7.250000000000000888e-02 1.112339120217138380e+08 1.040149307630101591e+08 1.015194298080727905e+08 9.551730223588594794e+07 1.011234446863703877e+08 9.523080171881543100e+07 1.099998078064822555e+08
7.500000000000001110e-02 1.097458796185180843e+08 1.025148424464478344e+08 9.978538625380857289e+07 9.382231251050020754e+07 9.936983966446922719e+07 9.352614360232284665e+07 1.084356312818095088e+08
7.750000000000001332e-02 1.077675173310030103e+08 1.009887908452022970e+08 9.766599192509044707e+07 9.211787270705780387e+07 9.724372891867816448e+07 9.181644014960198104e+07 1.064670580212188959e+08
8.000000000000000167e-02 1.053593567410321534e+08 9.944363367869535089e+07 9.522837089949719608e+07 9.041512934942260385e+07 9.480959509492707253e+07 9.010740383540496230e+07 1.041593882063491195e+08
8.250000000000000389e-02 1.026093714431467801e+08 9.788541293658125401e+07 9.254895997764523327e+07 8.871271399945309758e+07 9.215259727112883329e+07 8.840620449963127077e+07 1.015974976073236018e+08
8.500000000000000611e-02 9.962396679696290195e+07 9.631943860623861849e+07 8.972856312567757070e+07 8.702330445588131249e+07 8.936461398296932876e+07 8.671596971104289591e+07 9.887708015769562125e+07
8.750000000000000833e-02 9.651881093503452837e+07 9.475036549573390186e+07 8.685692937460035086e+07 8.534471141453643143e+07 8.654187898245008290e+07 8.504179080934338272e+07 9.609633495515386760e+07
9.000000000000001055e-02 9.340935992832025886e+07 9.318226319709946215e+07 8.402753355505400896e+07 8.368305243378973007e+07 8.377330478375965357e+07 8.338710983018282056e+07 9.334807250577817857e+07
9.250000000000001277e-02 9.040209159412087500e+07 9.161867945562919974e+07 8.131836684824150801e+07 8.203981783909180760e+07 8.113499450182904303e+07 8.175474593177239597e+07 9.071302996925958991e+07
9.500000000000001499e-02 8.758797255958266556e+07 9.006269732480521500e+07 7.879145202245308459e+07 8.041666543135492504e+07 7.868701412324807048e+07 8.014754263131339848e+07 8.825547314521697164e+07
9.750000000000001721e-02 8.503825883974359930e+07 8.851698656724105775e+07 7.649859763094806671e+07 7.882015541263960302e+07 7.646789097165666521e+07 7.856638294432677329e+07 8.602099446236173809e+07
1.000000000000000194e-01 8.280161087784324586e+07 8.698384969381248951e+07 7.445969509799647331e+07 7.724724310282020271e+07 7.450057674073661864e+07 7.701388462967863679e+07 8.403559885323747993e+07
1.025000000000000078e-01 8.090335972868058085e+07 8.546526321381700039e+07 7.268515844524799287e+07 7.570105893752060831e+07 7.278700909282375872e+07 7.549068632351477444e+07 8.230654390548075736e+07
1.050000000000000100e-01 7.934699355121861398e+07 8.396291445206871629e+07 7.116252317358879745e+07 7.417980304765471816e+07 7.131621383342967927e+07 7.399865555901537836e+07 8.082478903871138394e+07
1.075000000000000122e-01 7.811589168667843938e+07 8.247823439126981795e+07 6.987687577318640053e+07 7.268884268620306253e+07 7.006032640058562160e+07 7.253724107273466885e+07 7.956752697121796012e+07
1.100000000000000144e-01 7.717466440052045882e+07 8.101242699126845598e+07 6.879186058518067002e+07 7.122680744197799265e+07 6.898530801692602038e+07 7.110807345143817365e+07 7.850035150760233402e+07
1.125000000000000167e-01 7.647418576884688437e+07 7.956649527870006859e+07 6.786512797153298557e+07 6.979264166578230262e+07 6.804899849504826963e+07 6.971052419260534644e+07 7.758172971642243862e+07
1.150000000000000189e-01 7.595489733718745410e+07 7.814126457926014066e+07 6.705253658086231351e+07 6.838724192960080504e+07 6.720819958761048317e+07 6.834571041797462106e+07 7.676599668986654282e+07
1.175000000000000211e-01 7.554920209882168472e+07 7.673740321483333409e+07 6.630785819537264109e+07 6.701139243682829291e+07 6.641817946106646210e+07 6.701339099928089976e+07 7.600553117141139507e+07
1.200000000000000094e-01 7.518786388798877597e+07 7.535544090940980613e+07 6.558648244330647588e+07 6.566635075732187927e+07 6.563794893090667576e+07 6.571216899517440796e+07 7.525515832369238138e+07
1.225000000000000117e-01 7.480276704823364317e+07 7.399578517609809339e+07 6.484459232609970123e+07 6.434863835015646368e+07 6.483365443711303920e+07 6.444365951481231302e+07 7.447389925290884078e+07
1.250000000000000278e-01 7.433217838749171793e+07 7.265873588519483805e+07 6.404816260397267342e+07 6.305783668075447530e+07 6.397748345981290191e+07 6.320712143981070817e+07 7.362794326424819231e+07
1.275000000000000300e-01 7.372465820151664317e+07 7.134449822820375860e+07 6.317401581404825300e+07 6.179904040297073126e+07 6.305360950145945698e+07 6.200090589652847499e+07 7.269244179215712845e+07
1.300000000000000322e-01 7.294205811139224470e+07 7.005319427194754779e+07 6.220297004745043814e+07 6.056510991475865245e+07 6.205257952807138860e+07 6.082669474978168309e+07 7.165249000191199780e+07
1.325000000000000344e-01 7.196248350834907591e+07 6.878487319042645395e+07 6.113073415752694756e+07 5.936076396473767608e+07 6.097768422930002213e+07 5.968121895196951181e+07 7.050385777685859799e+07
1.350000000000000366e-01 7.077901245684453845e+07 6.753952042389972508e+07 5.996003727638768405e+07 5.818279991983862966e+07 5.983779826249060780e+07 5.856566027986562997e+07 6.925124954547116160e+07
1.375000000000000389e-01 6.940273271282713115e+07 6.631706577061185986e+07 5.870281482248912752e+07 5.703017457654208690e+07 5.865038872865576297e+07 5.748003373579392582e+07 6.790890422337572277e+07
1.400000000000000411e-01 6.785615388879288733e+07 6.511739063123548031e+07 5.737864554787440598e+07 5.590513642382722348e+07 5.743612419197621942e+07 5.642334250992113352e+07 6.649614697304986417e+07
1.425000000000000433e-01 6.617598338387247920e+07 6.394033441516643018e+07 5.601004175730846822e+07 5.480615574048617482e+07 5.621570212172485143e+07 5.539309664497170597e+07 6.503804000432639569e+07
1.450000000000000455e-01 6.440395318757752329e+07 6.278570027032151818e+07 5.462178635410162807e+07 5.373223766964350641e+07 5.501094666024574637e+07 5.439070175473181158e+07 6.356012373980741948e+07
1.475000000000000477e-01 6.258831525819542259e+07 6.165326013732545078e+07 5.323855743885041028e+07 5.268240727809314430e+07 5.384068846920977533e+07 5.341479397766648978e+07 6.208883202484347671e+07
1.500000000000000222e-01 6.077560914455284923e+07 6.054275928303190321e+07 5.188393038063088059e+07 5.165694127165876329e+07 5.272002157192344218e+07 5.246559297033593804e+07 6.064738908856882900e+07
1.525000000000000244e-01 5.901149296802759171e+07 5.945392029676614702e+07 5.057657438373482972e+07 5.065392712824679166e+07 5.165742387825965881e+07 5.154059394711737335e+07 5.925632799527483433e+07
1.550000000000000266e-01 5.733456291336295009e+07 5.838644666562149674e+07 4.933376702044388652e+07 4.967479116774190962e+07 5.066013615157711506e+07 5.064178601659247279e+07 5.793093034532281756e+07
1.575000000000000289e-01 5.577725478698326647e+07 5.734002592147459090e+07 4.816328465464141965e+07 4.871579468308131397e+07 4.972533174953176826e+07 4.976523301054117829e+07 5.668207532354815304e+07
1.600000000000000311e-01 5.436250680072020739e+07 5.631433245167713612e+07 4.707763266650802642e+07 4.778161744623547792e+07 4.884747070208416879e+07 4.891205369237217307e+07 5.551528799849616736e+07
1.625000000000000333e-01 5.310385557829941064e+07 5.530902999143672734e+07 4.607407034576769918e+07 4.686859725170761347e+07 4.802131164076226950e+07 4.808180243752950430e+07 5.443136898736026138e+07
1.650000000000000355e-01 5.200694643892731518e+07 5.432377382110929489e+07 4.514881559566253424e+07 4.597522466580695659e+07 4.723914979740381241e+07 4.727419858989039063e+07 5.342754561011793464e+07
1.675000000000000377e-01 5.106631729088499397e+07 5.335821271119190753e+07 4.429509944069103897e+07 4.510022380724706501e+07 4.648802901233646274e+07 4.648733509107773006e+07 5.249673135489637405e+07
1.700000000000000400e-01 5.027223769841625541e+07 5.241199065040012449e+07 4.351142278734226525e+07 4.424801432581350952e+07 4.575355542035368830e+07 4.571991437414193898e+07 5.163062717443626374e+07
1.725000000000000422e-01 4.960389592767927796e+07 5.148474837175827473e+07 4.277963086103987694e+07 4.341289745638411492e+07 4.503304949325463176e+07 4.497402904745423794e+07 5.081755298258766532e+07
1.750000000000000444e-01 4.903947299996177107e+07 5.057612468319067359e+07 4.209453187753114104e+07 4.259900803471858054e+07 4.431680175028471649e+07 4.424910366908960789e+07 5.004647782460557669e+07
1.775000000000000466e-01 4.855271029844834656e+07 4.968575764637739956e+07 4.143976233944123983e+07 4.180101030480514467e+07 4.359653144579046965e+07 4.354066201976258308e+07 4.930590417250748724e+07
1.800000000000000488e-01 4.811717775196704268e+07 4.881328562519830465e+07 4.080723415090608597e+07 4.102071932569443434e+07 4.287225143100320548e+07 4.285083894813170284e+07 4.858543432704709470e+07
1.825000000000000511e-01 4.770574554203629494e+07 4.795834817859592289e+07 4.018728625098167360e+07 4.025773646308961511e+07 4.214467291135237366e+07 4.217897386110946536e+07 4.787557109246531129e+07
1.850000000000000533e-01 4.729043612976360321e+07 4.712058686026549339e+07 3.957158609061341733e+07 3.951218069225158542e+07 4.141688068758396059e+07 4.152400318857137114e+07 4.716766167400364578e+07
1.875000000000000555e-01 4.684657629182189703e+07 4.629964590575082600e+07 3.895156637112089247e+07 3.878141686053731292e+07 4.069385824261410534e+07 4.088720981281400472e+07 4.645510362022747844e+07
1.900000000000000577e-01 4.635340485446663946e+07 4.549517282916332781e+07 3.832466184021419287e+07 3.806894379768539965e+07 3.998683354035372287e+07 4.026457701617397368e+07 4.573330761139451712e+07
1.925000000000000322e-01 4.579361468045012653e+07 4.470681894450901449e+07 3.768567422432642430e+07 3.737097909276771545e+07 3.930127984434197843e+07 3.965902652870880067e+07 4.499934375880561769e+07
1.950000000000000344e-01 4.515922705023554713e+07 4.393423980226042867e+07 3.703409668400537968e+07 3.668718411441571265e+07 3.864591563332071155e+07 3.906971552010754496e+07 4.425329572397286445e+07
1.975000000000000366e-01 4.444913712729155272e+07 4.317709557412333786e+07 3.637000185057938099e+07 3.601724370322327316e+07 3.802914366618370265e+07 3.848978866592713445e+07 4.349718542080837488e+07
2.000000000000000389e-01 4.366600205819799751e+07 4.243505136825419962e+07 3.569976821124900132e+07 3.536320240841075033e+07 3.745828645717182755e+07 3.792740239460166544e+07 4.273388835850327462e+07
2.025000000000000411e-01 4.282142211869238317e+07 4.170777750268421322e+07 3.502570292869780213e+07 3.472297472262353450e+07 3.693492783954265714e+07 3.737974205608820915e+07 4.196820598443815857e+07
2.050000000000000433e-01 4.192824699207874388e+07 4.099494972381075472e+07 3.435163103240787238e+07 3.409583287944706529e+07 3.645916419066473842e+07 3.684568929347971827e+07 4.120472948782470822e+07
2.075000000000000455e-01 4.100214998581479490e+07 4.029624939067649841e+07 3.368270917891819775e+07 3.348219992396114394e+07 3.602851607877644897e+07 3.632438329678026587e+07 4.044816083635913581e+07
